1	0.0577553	0.445763
1	0.0546667	0.465933
1	0.0568409	0.443495
1	0.0560254	0.45853
1	0.052991	0.481565
1	0.0557043	0.462491
1	0.0559448	0.460232
1	0.0551628	0.463732
1	0.0566254	0.443532
1	0.0544746	0.471192
1	0.0565279	0.458122
1	0.0552989	0.46625
1	0.0569262	0.452262
1	0.0545214	0.464234
1	0.0549599	0.460124
1	0.0546334	0.478728
1	0.0549707	0.468539
1	0.0563732	0.453999
1	0.055759	0.46101
1	0.0548957	0.473711
1	0.0561721	0.458011
1	0.0558052	0.464165
1	0.0557572	0.472338
1	0.0558321	0.461204
1	0.054595	0.465091
1	0.054738	0.47584
1	0.0552724	0.461158
1	0.0549963	0.465095
1	0.0575576	0.447675
1	0.0562876	0.454308
1	0.056877	0.450095
1	0.0564065	0.456146
1	0.0567813	0.44911
1	0.0558871	0.455195
1	0.0561592	0.455138
1	0.0555949	0.46242
1	0.0553197	0.472588
1	0.055967	0.462681
1	0.0556386	0.457656
1	0.0544203	0.467477
1	0.0561473	0.456592
1	0.0542277	0.472652
1	0.0557426	0.463081
1	0.0540753	0.470161
1	0.0568737	0.457283
1	0.0555581	0.469021
1	0.0541666	0.4702
1	0.05597	0.454722
1	0.0563155	0.4581
1	0.0574846	0.452028
1	0.0555628	0.460272
1	0.0563921	0.456602
1	0.0538617	0.469404
1	0.0554639	0.456558
1	0.0565801	0.45198
1	0.0562204	0.459052
1	0.0552774	0.458453
1	0.0562777	0.458038
1	0.0556351	0.464913
1	0.0564257	0.452939
1	0.0561403	0.447193
1	0.0569721	0.457881
1	0.0558305	0.455335
1	0.0556709	0.464823
1	0.0551606	0.464118
1	0.0562988	0.444221
1	0.0556843	0.463876
1	0.0526516	0.475213
1	0.0561701	0.448441
1	0.0563009	0.455484
1	0.0569265	0.455594
1	0.0563045	0.451119
1	0.0559061	0.455622
1	0.0545937	0.460818
1	0.0555393	0.460462
1	0.0548065	0.462544
1	0.0544637	0.470397
1	0.0556299	0.456363
1	0.0535494	0.478724
1	0.0545077	0.461739
1	0.0563623	0.458782
1	0.0552233	0.457401
1	0.0543262	0.464217
1	0.0572544	0.448815
1	0.0551015	0.464289
1	0.0541628	0.474767
1	0.0568912	0.450222
1	0.0550783	0.454653
1	0.0550879	0.468819
1	0.0539856	0.476984
1	0.0546309	0.463523
1	0.0546799	0.471038
1	0.0560456	0.449966
1	0.056327	0.449742
1	0.0574432	0.459892
1	0.0561964	0.454672
1	0.054371	0.473318
1	0.0559687	0.453558
1	0.0565716	0.45088
1	0.0548955	0.463575
1	0.0551816	0.46165
1	0.054938	0.477399
1	0.0549087	0.469324
1	0.055369	0.46134
1	0.0571077	0.449319
1	0.0565538	0.443395
1	0.0556052	0.463194
1	0.0539866	0.471159
1	0.0552781	0.452512
1	0.0557965	0.456228
1	0.055939	0.463524
1	0.05468	0.474576
1	0.0541537	0.474509
1	0.0539236	0.479299
1	0.0554886	0.462303
1	0.0573167	0.44506
1	0.0541572	0.477471
1	0.0559426	0.464839
1	0.0565464	0.450499
1	0.0542264	0.465643
1	0.055205	0.467125
1	0.0555288	0.459565
1	0.0552104	0.460272
1	0.0561796	0.456744
1	0.0555908	0.467745
1	0.0558496	0.459486
1	0.0573905	0.445774
1	0.0582828	0.436628
1	0.0547797	0.468965
1	0.0559857	0.461123
1	0.0564544	0.457754
1	0.0564842	0.45365
1	0.0555579	0.462152
1	0.0562595	0.456483
1	0.0553914	0.4667
1	0.0560296	0.45744
1	0.0553306	0.466203
1	0.0551428	0.470078
1	0.0549637	0.455447
1	0.0549944	0.461011
1	0.0558886	0.45294
1	0.0560854	0.466874
1	0.0562848	0.448912
1	0.0552282	0.464208
1	0.0571131	0.457248
1	0.0552661	0.470165
1	0.0557614	0.466861
1	0.0552531	0.452645
1	0.0549349	0.463712
1	0.0561763	0.452345
1	0.0568827	0.447989
1	0.0568129	0.444593
1	0.0543678	0.464252
1	0.0541821	0.469898
1	0.0554559	0.464731
1	0.0573274	0.453303
1	0.0546	0.468751
1	0.0558724	0.466052
1	0.0566092	0.448925
1	0.0552955	0.460314
1	0.0553958	0.456844
1	0.0544188	0.472435
1	0.0569681	0.443305
1	0.0570604	0.445471
1	0.0548695	0.475909
1	0.0567149	0.458474
1	0.0542896	0.4684
1	0.0554822	0.4491
1	0.0552439	0.46109
1	0.0550962	0.460085
1	0.0550555	0.454395
1	0.0554948	0.468558
1	0.0554992	0.459423
1	0.0561006	0.458847
1	0.05506	0.458974
1	0.0554194	0.463517
1	0.0570281	0.448586
1	0.0553444	0.463206
1	0.0563951	0.446518
1	0.0559495	0.459688
1	0.0542543	0.464878
1	0.0544367	0.465254
1	0.0556411	0.45522
1	0.0552478	0.4566
1	0.0557464	0.454548
1	0.0562982	0.451271
1	0.0564972	0.444947
1	0.0546471	0.473807
1	0.0547589	0.457147
1	0.0571317	0.45674
1	0.0565045	0.458536
1	0.0568405	0.451207
1	0.0539933	0.468835
1	0.0561474	0.45758
1	0.0556833	0.456218
1	0.0563834	0.455347
1	0.0558013	0.45785
1	0.0549888	0.465433
1	0.0561426	0.463547
1	0.0558693	0.466584
1	0.0536231	0.477188
1	0.055766	0.4591
1	0.0549172	0.454416
1	0.0559926	0.452167
1	0.0545222	0.462008
1	0.0548165	0.47363
1	0.0558322	0.468562
1	0.0562855	0.452969
1	0.0565408	0.449123
1	0.0551629	0.467789
1	0.0557993	0.454971
1	0.0577654	0.439779
1	0.055869	0.451645
1	0.0553454	0.461279
1	0.05589	0.45493
1	0.054904	0.463455
1	0.056444	0.451347
1	0.057723	0.44211
1	0.0570786	0.448729
1	0.055634	0.457879
1	0.054552	0.466891
1	0.0553471	0.465155
1	0.0561345	0.463257
1	0.0554275	0.459595
1	0.0565931	0.444125
1	0.0554267	0.457416
1	0.0549233	0.475
1	0.0557445	0.45589
1	0.0550456	0.459399
1	0.0550946	0.45688
1	0.0563803	0.446673
1	0.0557959	0.463296
1	0.0558769	0.461716
1	0.0566193	0.450623
1	0.0548803	0.472131
1	0.0558178	0.462142
1	0.056119	0.458146
1	0.0573826	0.442781
1	0.0553657	0.466241
1	0.056471	0.464324
1	0.055593	0.464438
1	0.0561312	0.455991
1	0.0563167	0.455929
1	0.0557941	0.452662
1	0.0542905	0.460471
1	0.0547675	0.467223
1	0.055857	0.464144
1	0.0537863	0.468766
1	0.0564113	0.450498
1	0.055271	0.477217
1	0.0556484	0.46085
1	0.0547801	0.460138
1	0.0551525	0.469864
1	0.0575806	0.447112
1	0.054783	0.460641
1	0.054558	0.463589
1	0.0564241	0.445831
1	0.0551391	0.467365
1	0.0551282	0.473567
1	0.0539621	0.477055
1	0.055839	0.461927
1	0.053934	0.472412
1	0.054429	0.477391
1	0.0536361	0.474342
1	0.0549662	0.461783
1	0.0537348	0.473164
1	0.0552237	0.463697
1	0.0545844	0.469505
1	0.0539598	0.47654
1	0.055765	0.462584
1	0.0552675	0.460953
1	0.0559694	0.464482
1	0.0566943	0.442756
1	0.0560939	0.456225
1	0.0566552	0.450901
1	0.0562121	0.457398
1	0.0552886	0.467175
1	0.0561656	0.453489
1	0.0551022	0.466927
1	0.0565716	0.455752
1	0.0556334	0.461962
1	0.0544075	0.47168
1	0.054897	0.465575
1	0.0572179	0.445738
1	0.0560097	0.459685
1	0.0552935	0.46358
1	0.0545637	0.470989
1	0.056502	0.45609
1	0.0551199	0.466414
1	0.0557043	0.453919
1	0.0561218	0.454845
1	0.0539776	0.479867
1	0.0554589	0.457025
1	0.0547427	0.475599
1	0.0562989	0.451113
1	0.0559061	0.463566
1	0.0538524	0.475929
1	0.0571512	0.455023
1	0.0574459	0.451479
