ri 	 ro 	 rad 	 gr_count 	 tot_part 	 samples 	 nHomo 	 rho
0	0.01	0.005	0	4096	1499	0.512
0.01	0.02	0.015	0	4096	1499	0.512
0.02	0.03	0.025	0	4096	1499	0.512
0.03	0.04	0.035	0	4096	1499	0.512
0.04	0.05	0.045	0	4096	1499	0.512
0.05	0.06	0.055	0	4096	1499	0.512
0.06	0.07	0.065	0	4096	1499	0.512
0.07	0.08	0.075	0	4096	1499	0.512
0.08	0.09	0.085	0	4096	1499	0.512
0.09	0.1	0.095	0	4096	1499	0.512
0.1	0.11	0.105	0	4096	1499	0.512
0.11	0.12	0.115	0	4096	1499	0.512
0.12	0.13	0.125	0	4096	1499	0.512
0.13	0.14	0.135	0	4096	1499	0.512
0.14	0.15	0.145	0	4096	1499	0.512
0.15	0.16	0.155	0	4096	1499	0.512
0.16	0.17	0.165	0	4096	1499	0.512
0.17	0.18	0.175	0	4096	1499	0.512
0.18	0.19	0.185	0	4096	1499	0.512
0.19	0.2	0.195	0	4096	1499	0.512
0.2	0.21	0.205	0	4096	1499	0.512
0.21	0.22	0.215	0	4096	1499	0.512
0.22	0.23	0.225	2	4096	1499	0.512
0.23	0.24	0.235	0	4096	1499	0.512
0.24	0.25	0.245	0	4096	1499	0.512
0.25	0.26	0.255	4	4096	1499	0.512
0.26	0.27	0.265	6	4096	1499	0.512
0.27	0.28	0.275	24	4096	1499	0.512
0.28	0.29	0.285	80	4096	1499	0.512
0.29	0.3	0.295	124	4096	1499	0.512
0.3	0.31	0.305	230	4096	1499	0.512
0.31	0.32	0.315	464	4096	1499	0.512
0.32	0.33	0.325	966	4096	1499	0.512
0.33	0.34	0.335	1746	4096	1499	0.512
0.34	0.35	0.345	3074	4096	1499	0.512
0.35	0.36	0.355	5370	4096	1499	0.512
0.36	0.37	0.365	8446	4096	1499	0.512
0.37	0.38	0.375	13778	4096	1499	0.512
0.38	0.39	0.385	21672	4096	1499	0.512
0.39	0.4	0.395	32840	4096	1499	0.512
0.4	0.41	0.405	47300	4096	1499	0.512
0.41	0.42	0.415	68056	4096	1499	0.512
0.42	0.43	0.425	95044	4096	1499	0.512
0.43	0.44	0.435	130012	4096	1499	0.512
0.44	0.45	0.445	174514	4096	1499	0.512
0.45	0.46	0.455	228646	4096	1499	0.512
0.46	0.47	0.465	292606	4096	1499	0.512
0.47	0.48	0.475	370596	4096	1499	0.512
0.48	0.49	0.485	460306	4096	1499	0.512
0.49	0.5	0.495	562074	4096	1499	0.512
0.5	0.51	0.505	676476	4096	1499	0.512
0.51	0.52	0.515	804238	4096	1499	0.512
0.52	0.53	0.525	938002	4096	1499	0.512
0.53	0.54	0.535	1.07986e+06	4096	1499	0.512
0.54	0.55	0.545	1.23132e+06	4096	1499	0.512
0.55	0.56	0.555	1.3848e+06	4096	1499	0.512
0.56	0.57	0.565	1.5446e+06	4096	1499	0.512
0.57	0.58	0.575	1.69641e+06	4096	1499	0.512
0.58	0.59	0.585	1.8454e+06	4096	1499	0.512
0.59	0.6	0.595	1.99198e+06	4096	1499	0.512
0.6	0.61	0.605	2.12644e+06	4096	1499	0.512
0.61	0.62	0.615	2.25127e+06	4096	1499	0.512
0.62	0.63	0.625	2.35888e+06	4096	1499	0.512
0.63	0.64	0.635	2.45027e+06	4096	1499	0.512
0.64	0.65	0.645	2.53108e+06	4096	1499	0.512
0.65	0.66	0.655	2.58656e+06	4096	1499	0.512
0.66	0.67	0.665	2.62067e+06	4096	1499	0.512
0.67	0.68	0.675	2.63786e+06	4096	1499	0.512
0.68	0.69	0.685	2.63666e+06	4096	1499	0.512
0.69	0.7	0.695	2.61015e+06	4096	1499	0.512
0.7	0.71	0.705	2.57525e+06	4096	1499	0.512
0.71	0.72	0.715	2.50799e+06	4096	1499	0.512
0.72	0.73	0.725	2.43136e+06	4096	1499	0.512
0.73	0.74	0.735	2.33252e+06	4096	1499	0.512
0.74	0.75	0.745	2.23251e+06	4096	1499	0.512
0.75	0.76	0.755	2.12023e+06	4096	1499	0.512
0.76	0.77	0.765	2.01842e+06	4096	1499	0.512
0.77	0.78	0.775	1.93583e+06	4096	1499	0.512
0.78	0.79	0.785	1.87096e+06	4096	1499	0.512
0.79	0.8	0.795	1.81561e+06	4096	1499	0.512
0.8	0.81	0.805	1.77616e+06	4096	1499	0.512
0.81	0.82	0.815	1.74272e+06	4096	1499	0.512
0.82	0.83	0.825	1.72266e+06	4096	1499	0.512
0.83	0.84	0.835	1.71827e+06	4096	1499	0.512
0.84	0.85	0.845	1.71654e+06	4096	1499	0.512
0.85	0.86	0.855	1.73105e+06	4096	1499	0.512
0.86	0.87	0.865	1.74235e+06	4096	1499	0.512
0.87	0.88	0.875	1.77061e+06	4096	1499	0.512
0.88	0.89	0.885	1.81011e+06	4096	1499	0.512
0.89	0.9	0.895	1.85743e+06	4096	1499	0.512
0.9	0.91	0.905	1.91089e+06	4096	1499	0.512
0.91	0.92	0.915	1.97209e+06	4096	1499	0.512
0.92	0.93	0.925	2.04446e+06	4096	1499	0.512
0.93	0.94	0.935	2.12401e+06	4096	1499	0.512
0.94	0.95	0.945	2.21957e+06	4096	1499	0.512
0.95	0.96	0.955	2.32139e+06	4096	1499	0.512
0.96	0.97	0.965	2.43521e+06	4096	1499	0.512
0.97	0.98	0.975	2.55487e+06	4096	1499	0.512
0.98	0.99	0.985	2.69313e+06	4096	1499	0.512
0.99	1	0.995	2.83836e+06	4096	1499	0.512
1	1.01	1.005	2.99639e+06	4096	1499	0.512
1.01	1.02	1.015	3.1527e+06	4096	1499	0.512
1.02	1.03	1.025	3.32004e+06	4096	1499	0.512
1.03	1.04	1.035	3.48317e+06	4096	1499	0.512
1.04	1.05	1.045	3.64156e+06	4096	1499	0.512
1.05	1.06	1.055	3.79753e+06	4096	1499	0.512
1.06	1.07	1.065	3.95482e+06	4096	1499	0.512
1.07	1.08	1.075	4.1027e+06	4096	1499	0.512
1.08	1.09	1.085	4.2539e+06	4096	1499	0.512
1.09	1.1	1.095	4.3918e+06	4096	1499	0.512
1.1	1.11	1.105	4.52658e+06	4096	1499	0.512
1.11	1.12	1.115	4.64881e+06	4096	1499	0.512
1.12	1.13	1.125	4.76187e+06	4096	1499	0.512
1.13	1.14	1.135	4.86916e+06	4096	1499	0.512
1.14	1.15	1.145	4.97317e+06	4096	1499	0.512
1.15	1.16	1.155	5.06393e+06	4096	1499	0.512
1.16	1.17	1.165	5.14522e+06	4096	1499	0.512
1.17	1.18	1.175	5.21319e+06	4096	1499	0.512
1.18	1.19	1.185	5.26793e+06	4096	1499	0.512
1.19	1.2	1.195	5.3212e+06	4096	1499	0.512
1.2	1.21	1.205	5.35875e+06	4096	1499	0.512
1.21	1.22	1.215	5.39202e+06	4096	1499	0.512
1.22	1.23	1.225	5.42144e+06	4096	1499	0.512
1.23	1.24	1.235	5.4413e+06	4096	1499	0.512
1.24	1.25	1.245	5.44937e+06	4096	1499	0.512
1.25	1.26	1.255	5.45747e+06	4096	1499	0.512
1.26	1.27	1.265	5.47119e+06	4096	1499	0.512
1.27	1.28	1.275	5.46793e+06	4096	1499	0.512
1.28	1.29	1.285	5.46783e+06	4096	1499	0.512
1.29	1.3	1.295	5.46742e+06	4096	1499	0.512
1.3	1.31	1.305	5.46353e+06	4096	1499	0.512
1.31	1.32	1.315	5.46092e+06	4096	1499	0.512
1.32	1.33	1.325	5.45606e+06	4096	1499	0.512
1.33	1.34	1.335	5.46123e+06	4096	1499	0.512
1.34	1.35	1.345	5.47261e+06	4096	1499	0.512
1.35	1.36	1.355	5.47838e+06	4096	1499	0.512
1.36	1.37	1.365	5.49038e+06	4096	1499	0.512
1.37	1.38	1.375	5.51329e+06	4096	1499	0.512
1.38	1.39	1.385	5.54592e+06	4096	1499	0.512
1.39	1.4	1.395	5.57591e+06	4096	1499	0.512
1.4	1.41	1.405	5.61613e+06	4096	1499	0.512
1.41	1.42	1.415	5.67016e+06	4096	1499	0.512
1.42	1.43	1.425	5.72631e+06	4096	1499	0.512
1.43	1.44	1.435	5.79343e+06	4096	1499	0.512
1.44	1.45	1.445	5.87506e+06	4096	1499	0.512
1.45	1.46	1.455	5.95357e+06	4096	1499	0.512
1.46	1.47	1.465	6.04794e+06	4096	1499	0.512
1.47	1.48	1.475	6.14603e+06	4096	1499	0.512
1.48	1.49	1.485	6.26166e+06	4096	1499	0.512
1.49	1.5	1.495	6.3771e+06	4096	1499	0.512
1.5	1.51	1.505	6.50411e+06	4096	1499	0.512
1.51	1.52	1.515	6.63507e+06	4096	1499	0.512
1.52	1.53	1.525	6.76929e+06	4096	1499	0.512
1.53	1.54	1.535	6.91283e+06	4096	1499	0.512
1.54	1.55	1.545	7.05175e+06	4096	1499	0.512
1.55	1.56	1.555	7.19731e+06	4096	1499	0.512
1.56	1.57	1.565	7.34931e+06	4096	1499	0.512
1.57	1.58	1.575	7.496e+06	4096	1499	0.512
1.58	1.59	1.585	7.65134e+06	4096	1499	0.512
1.59	1.6	1.595	7.80365e+06	4096	1499	0.512
1.6	1.61	1.605	7.94286e+06	4096	1499	0.512
1.61	1.62	1.615	8.08727e+06	4096	1499	0.512
1.62	1.63	1.625	8.23045e+06	4096	1499	0.512
1.63	1.64	1.635	8.3637e+06	4096	1499	0.512
1.64	1.65	1.645	8.50176e+06	4096	1499	0.512
1.65	1.66	1.655	8.61483e+06	4096	1499	0.512
1.66	1.67	1.665	8.74522e+06	4096	1499	0.512
1.67	1.68	1.675	8.85585e+06	4096	1499	0.512
1.68	1.69	1.685	8.95978e+06	4096	1499	0.512
1.69	1.7	1.695	9.05554e+06	4096	1499	0.512
1.7	1.71	1.705	9.15178e+06	4096	1499	0.512
1.71	1.72	1.715	9.2314e+06	4096	1499	0.512
1.72	1.73	1.725	9.31579e+06	4096	1499	0.512
1.73	1.74	1.735	9.38421e+06	4096	1499	0.512
1.74	1.75	1.745	9.45575e+06	4096	1499	0.512
1.75	1.76	1.755	9.51793e+06	4096	1499	0.512
1.76	1.77	1.765	9.56594e+06	4096	1499	0.512
1.77	1.78	1.775	9.61711e+06	4096	1499	0.512
1.78	1.79	1.785	9.67586e+06	4096	1499	0.512
1.79	1.8	1.795	9.72986e+06	4096	1499	0.512
1.8	1.81	1.805	9.76957e+06	4096	1499	0.512
1.81	1.82	1.815	9.80882e+06	4096	1499	0.512
1.82	1.83	1.825	9.85263e+06	4096	1499	0.512
1.83	1.84	1.835	9.88825e+06	4096	1499	0.512
1.84	1.85	1.845	9.93736e+06	4096	1499	0.512
1.85	1.86	1.855	9.9846e+06	4096	1499	0.512
1.86	1.87	1.865	1.00243e+07	4096	1499	0.512
1.87	1.88	1.875	1.00749e+07	4096	1499	0.512
1.88	1.89	1.885	1.01231e+07	4096	1499	0.512
1.89	1.9	1.895	1.0173e+07	4096	1499	0.512
1.9	1.91	1.905	1.02278e+07	4096	1499	0.512
1.91	1.92	1.915	1.02895e+07	4096	1499	0.512
1.92	1.93	1.925	1.03387e+07	4096	1499	0.512
1.93	1.94	1.935	1.0423e+07	4096	1499	0.512
1.94	1.95	1.945	1.05041e+07	4096	1499	0.512
1.95	1.96	1.955	1.05697e+07	4096	1499	0.512
1.96	1.97	1.965	1.06747e+07	4096	1499	0.512
1.97	1.98	1.975	1.07426e+07	4096	1499	0.512
1.98	1.99	1.985	1.08518e+07	4096	1499	0.512
1.99	2	1.995	1.09468e+07	4096	1499	0.512
2	2.01	2.005	1.10541e+07	4096	1499	0.512
2.01	2.02	2.015	1.11616e+07	4096	1499	0.512
2.02	2.03	2.025	1.1272e+07	4096	1499	0.512
2.03	2.04	2.035	1.13888e+07	4096	1499	0.512
2.04	2.05	2.045	1.1517e+07	4096	1499	0.512
2.05	2.06	2.055	1.16526e+07	4096	1499	0.512
2.06	2.07	2.065	1.17649e+07	4096	1499	0.512
2.07	2.08	2.075	1.19025e+07	4096	1499	0.512
2.08	2.09	2.085	1.20311e+07	4096	1499	0.512
2.09	2.1	2.095	1.21657e+07	4096	1499	0.512
2.1	2.11	2.105	1.22914e+07	4096	1499	0.512
2.11	2.12	2.115	1.24299e+07	4096	1499	0.512
2.12	2.13	2.125	1.25757e+07	4096	1499	0.512
2.13	2.14	2.135	1.27139e+07	4096	1499	0.512
2.14	2.15	2.145	1.28338e+07	4096	1499	0.512
2.15	2.16	2.155	1.29559e+07	4096	1499	0.512
2.16	2.17	2.165	1.30932e+07	4096	1499	0.512
2.17	2.18	2.175	1.32163e+07	4096	1499	0.512
2.18	2.19	2.185	1.33395e+07	4096	1499	0.512
2.19	2.2	2.195	1.34686e+07	4096	1499	0.512
2.2	2.21	2.205	1.35732e+07	4096	1499	0.512
2.21	2.22	2.215	1.36881e+07	4096	1499	0.512
2.22	2.23	2.225	1.37975e+07	4096	1499	0.512
2.23	2.24	2.235	1.39014e+07	4096	1499	0.512
2.24	2.25	2.245	1.39949e+07	4096	1499	0.512
2.25	2.26	2.255	1.40841e+07	4096	1499	0.512
2.26	2.27	2.265	1.41896e+07	4096	1499	0.512
2.27	2.28	2.275	1.42755e+07	4096	1499	0.512
2.28	2.29	2.285	1.43625e+07	4096	1499	0.512
2.29	2.3	2.295	1.44426e+07	4096	1499	0.512
2.3	2.31	2.305	1.4514e+07	4096	1499	0.512
2.31	2.32	2.315	1.46121e+07	4096	1499	0.512
2.32	2.33	2.325	1.4684e+07	4096	1499	0.512
2.33	2.34	2.335	1.47539e+07	4096	1499	0.512
2.34	2.35	2.345	1.48318e+07	4096	1499	0.512
2.35	2.36	2.355	1.49107e+07	4096	1499	0.512
2.36	2.37	2.365	1.49654e+07	4096	1499	0.512
2.37	2.38	2.375	1.50447e+07	4096	1499	0.512
2.38	2.39	2.385	1.51149e+07	4096	1499	0.512
2.39	2.4	2.395	1.51849e+07	4096	1499	0.512
2.4	2.41	2.405	1.52541e+07	4096	1499	0.512
2.41	2.42	2.415	1.53408e+07	4096	1499	0.512
2.42	2.43	2.425	1.54166e+07	4096	1499	0.512
2.43	2.44	2.435	1.54873e+07	4096	1499	0.512
2.44	2.45	2.445	1.55725e+07	4096	1499	0.512
2.45	2.46	2.455	1.56561e+07	4096	1499	0.512
2.46	2.47	2.465	1.57464e+07	4096	1499	0.512
2.47	2.48	2.475	1.58228e+07	4096	1499	0.512
2.48	2.49	2.485	1.59165e+07	4096	1499	0.512
2.49	2.5	2.495	1.6002e+07	4096	1499	0.512
2.5	2.51	2.505	1.61136e+07	4096	1499	0.512
2.51	2.52	2.515	1.62084e+07	4096	1499	0.512
2.52	2.53	2.525	1.63097e+07	4096	1499	0.512
2.53	2.54	2.535	1.64172e+07	4096	1499	0.512
2.54	2.55	2.545	1.65218e+07	4096	1499	0.512
2.55	2.56	2.555	1.66355e+07	4096	1499	0.512
2.56	2.57	2.565	1.67476e+07	4096	1499	0.512
2.57	2.58	2.575	1.68672e+07	4096	1499	0.512
2.58	2.59	2.585	1.69833e+07	4096	1499	0.512
2.59	2.6	2.595	1.7096e+07	4096	1499	0.512
2.6	2.61	2.605	1.72159e+07	4096	1499	0.512
2.61	2.62	2.615	1.73499e+07	4096	1499	0.512
2.62	2.63	2.625	1.74562e+07	4096	1499	0.512
2.63	2.64	2.635	1.75822e+07	4096	1499	0.512
2.64	2.65	2.645	1.77093e+07	4096	1499	0.512
2.65	2.66	2.655	1.78212e+07	4096	1499	0.512
2.66	2.67	2.665	1.79438e+07	4096	1499	0.512
2.67	2.68	2.675	1.80712e+07	4096	1499	0.512
2.68	2.69	2.685	1.81853e+07	4096	1499	0.512
2.69	2.7	2.695	1.83147e+07	4096	1499	0.512
2.7	2.71	2.705	1.84354e+07	4096	1499	0.512
2.71	2.72	2.715	1.85339e+07	4096	1499	0.512
2.72	2.73	2.725	1.8654e+07	4096	1499	0.512
2.73	2.74	2.735	1.87696e+07	4096	1499	0.512
2.74	2.75	2.745	1.88851e+07	4096	1499	0.512
2.75	2.76	2.755	1.89871e+07	4096	1499	0.512
2.76	2.77	2.765	1.90952e+07	4096	1499	0.512
2.77	2.78	2.775	1.9205e+07	4096	1499	0.512
2.78	2.79	2.785	1.93024e+07	4096	1499	0.512
2.79	2.8	2.795	1.93975e+07	4096	1499	0.512
2.8	2.81	2.805	1.95037e+07	4096	1499	0.512
2.81	2.82	2.815	1.95977e+07	4096	1499	0.512
2.82	2.83	2.825	1.96799e+07	4096	1499	0.512
2.83	2.84	2.835	1.97762e+07	4096	1499	0.512
2.84	2.85	2.845	1.98794e+07	4096	1499	0.512
2.85	2.86	2.855	1.99576e+07	4096	1499	0.512
2.86	2.87	2.865	2.00393e+07	4096	1499	0.512
2.87	2.88	2.875	2.01431e+07	4096	1499	0.512
2.88	2.89	2.885	2.02223e+07	4096	1499	0.512
2.89	2.9	2.895	2.03109e+07	4096	1499	0.512
2.9	2.91	2.905	2.04047e+07	4096	1499	0.512
2.91	2.92	2.915	2.04839e+07	4096	1499	0.512
2.92	2.93	2.925	2.05637e+07	4096	1499	0.512
2.93	2.94	2.935	2.06535e+07	4096	1499	0.512
2.94	2.95	2.945	2.07442e+07	4096	1499	0.512
2.95	2.96	2.955	2.08271e+07	4096	1499	0.512
2.96	2.97	2.965	2.09197e+07	4096	1499	0.512
2.97	2.98	2.975	2.10122e+07	4096	1499	0.512
2.98	2.99	2.985	2.10959e+07	4096	1499	0.512
2.99	3	2.995	2.11835e+07	4096	1499	0.512
3	3.01	3.005	2.12843e+07	4096	1499	0.512
3.01	3.02	3.015	2.13718e+07	4096	1499	0.512
3.02	3.03	3.025	2.14769e+07	4096	1499	0.512
3.03	3.04	3.035	2.15819e+07	4096	1499	0.512
3.04	3.05	3.045	2.16615e+07	4096	1499	0.512
3.05	3.06	3.055	2.17696e+07	4096	1499	0.512
3.06	3.07	3.065	2.18673e+07	4096	1499	0.512
3.07	3.08	3.075	2.19896e+07	4096	1499	0.512
3.08	3.09	3.085	2.20757e+07	4096	1499	0.512
3.09	3.1	3.095	2.2187e+07	4096	1499	0.512
3.1	3.11	3.105	2.22925e+07	4096	1499	0.512
3.11	3.12	3.115	2.23994e+07	4096	1499	0.512
3.12	3.13	3.125	2.2501e+07	4096	1499	0.512
3.13	3.14	3.135	2.26174e+07	4096	1499	0.512
3.14	3.15	3.145	2.27336e+07	4096	1499	0.512
3.15	3.16	3.155	2.28402e+07	4096	1499	0.512
3.16	3.17	3.165	2.29468e+07	4096	1499	0.512
3.17	3.18	3.175	2.30676e+07	4096	1499	0.512
3.18	3.19	3.185	2.31673e+07	4096	1499	0.512
3.19	3.2	3.195	2.32779e+07	4096	1499	0.512
3.2	3.21	3.205	2.3383e+07	4096	1499	0.512
3.21	3.22	3.215	2.34964e+07	4096	1499	0.512
3.22	3.23	3.225	2.36193e+07	4096	1499	0.512
3.23	3.24	3.235	2.37153e+07	4096	1499	0.512
3.24	3.25	3.245	2.38152e+07	4096	1499	0.512
3.25	3.26	3.255	2.39133e+07	4096	1499	0.512
3.26	3.27	3.265	2.40325e+07	4096	1499	0.512
3.27	3.28	3.275	2.41387e+07	4096	1499	0.512
3.28	3.29	3.285	2.42493e+07	4096	1499	0.512
3.29	3.3	3.295	2.43415e+07	4096	1499	0.512
3.3	3.31	3.305	2.44439e+07	4096	1499	0.512
3.31	3.32	3.315	2.45425e+07	4096	1499	0.512
3.32	3.33	3.325	2.46351e+07	4096	1499	0.512
3.33	3.34	3.335	2.47386e+07	4096	1499	0.512
3.34	3.35	3.345	2.48236e+07	4096	1499	0.512
3.35	3.36	3.355	2.49253e+07	4096	1499	0.512
3.36	3.37	3.365	2.50025e+07	4096	1499	0.512
3.37	3.38	3.375	2.5103e+07	4096	1499	0.512
3.38	3.39	3.385	2.52112e+07	4096	1499	0.512
3.39	3.4	3.395	2.52897e+07	4096	1499	0.512
3.4	3.41	3.405	2.53718e+07	4096	1499	0.512
3.41	3.42	3.415	2.54667e+07	4096	1499	0.512
3.42	3.43	3.425	2.55584e+07	4096	1499	0.512
3.43	3.44	3.435	2.56339e+07	4096	1499	0.512
3.44	3.45	3.445	2.57254e+07	4096	1499	0.512
3.45	3.46	3.455	2.58339e+07	4096	1499	0.512
3.46	3.47	3.465	2.59067e+07	4096	1499	0.512
3.47	3.48	3.475	2.59908e+07	4096	1499	0.512
3.48	3.49	3.485	2.6092e+07	4096	1499	0.512
3.49	3.5	3.495	2.61832e+07	4096	1499	0.512
3.5	3.51	3.505	2.62605e+07	4096	1499	0.512
3.51	3.52	3.515	2.63384e+07	4096	1499	0.512
3.52	3.53	3.525	2.64397e+07	4096	1499	0.512
3.53	3.54	3.535	2.65181e+07	4096	1499	0.512
3.54	3.55	3.545	2.6624e+07	4096	1499	0.512
3.55	3.56	3.555	2.67066e+07	4096	1499	0.512
3.56	3.57	3.565	2.68095e+07	4096	1499	0.512
3.57	3.58	3.575	2.68858e+07	4096	1499	0.512
3.58	3.59	3.585	2.69756e+07	4096	1499	0.512
3.59	3.6	3.595	2.7083e+07	4096	1499	0.512
3.6	3.61	3.605	2.71732e+07	4096	1499	0.512
3.61	3.62	3.615	2.72683e+07	4096	1499	0.512
3.62	3.63	3.625	2.73754e+07	4096	1499	0.512
3.63	3.64	3.635	2.74664e+07	4096	1499	0.512
3.64	3.65	3.645	2.75472e+07	4096	1499	0.512
3.65	3.66	3.655	2.76449e+07	4096	1499	0.512
3.66	3.67	3.665	2.77564e+07	4096	1499	0.512
3.67	3.68	3.675	2.78364e+07	4096	1499	0.512
3.68	3.69	3.685	2.79455e+07	4096	1499	0.512
3.69	3.7	3.695	2.80503e+07	4096	1499	0.512
3.7	3.71	3.705	2.81368e+07	4096	1499	0.512
3.71	3.72	3.715	2.82478e+07	4096	1499	0.512
3.72	3.73	3.725	2.8325e+07	4096	1499	0.512
3.73	3.74	3.735	2.84219e+07	4096	1499	0.512
3.74	3.75	3.745	2.85338e+07	4096	1499	0.512
3.75	3.76	3.755	2.86216e+07	4096	1499	0.512
3.76	3.77	3.765	2.87291e+07	4096	1499	0.512
3.77	3.78	3.775	2.87953e+07	4096	1499	0.512
3.78	3.79	3.785	2.89125e+07	4096	1499	0.512
3.79	3.8	3.795	2.89926e+07	4096	1499	0.512
3.8	3.81	3.805	2.90817e+07	4096	1499	0.512
3.81	3.82	3.815	2.91695e+07	4096	1499	0.512
3.82	3.83	3.825	2.92659e+07	4096	1499	0.512
3.83	3.84	3.835	2.9359e+07	4096	1499	0.512
3.84	3.85	3.845	2.94378e+07	4096	1499	0.512
3.85	3.86	3.855	2.95296e+07	4096	1499	0.512
3.86	3.87	3.865	2.96223e+07	4096	1499	0.512
3.87	3.88	3.875	2.97122e+07	4096	1499	0.512
3.88	3.89	3.885	2.98013e+07	4096	1499	0.512
3.89	3.9	3.895	2.9887e+07	4096	1499	0.512
3.9	3.91	3.905	2.99564e+07	4096	1499	0.512
3.91	3.92	3.915	3.00489e+07	4096	1499	0.512
3.92	3.93	3.925	3.01326e+07	4096	1499	0.512
3.93	3.94	3.935	3.02099e+07	4096	1499	0.512
3.94	3.95	3.945	3.0291e+07	4096	1499	0.512
3.95	3.96	3.955	3.03903e+07	4096	1499	0.512
3.96	3.97	3.965	3.04567e+07	4096	1499	0.512
3.97	3.98	3.975	3.05349e+07	4096	1499	0.512
3.98	3.99	3.985	3.06191e+07	4096	1499	0.512
3.99	4	3.995	3.07185e+07	4096	1499	0.512
4	4.01	4.005	3.07775e+07	4096	1499	0.512
4.01	4.02	4.015	3.08514e+07	4096	1499	0.512
4.02	4.03	4.025	3.09162e+07	4096	1499	0.512
4.03	4.04	4.035	3.10096e+07	4096	1499	0.512
4.04	4.05	4.045	3.11102e+07	4096	1499	0.512
4.05	4.06	4.055	3.11867e+07	4096	1499	0.512
4.06	4.07	4.065	3.12472e+07	4096	1499	0.512
4.07	4.08	4.075	3.13366e+07	4096	1499	0.512
4.08	4.09	4.085	3.14151e+07	4096	1499	0.512
4.09	4.1	4.095	3.14911e+07	4096	1499	0.512
4.1	4.11	4.105	3.1578e+07	4096	1499	0.512
4.11	4.12	4.115	3.16582e+07	4096	1499	0.512
4.12	4.13	4.125	3.17425e+07	4096	1499	0.512
4.13	4.14	4.135	3.18078e+07	4096	1499	0.512
4.14	4.15	4.145	3.19038e+07	4096	1499	0.512
4.15	4.16	4.155	3.19911e+07	4096	1499	0.512
4.16	4.17	4.165	3.20623e+07	4096	1499	0.512
4.17	4.18	4.175	3.21482e+07	4096	1499	0.512
4.18	4.19	4.185	3.22272e+07	4096	1499	0.512
4.19	4.2	4.195	3.23022e+07	4096	1499	0.512
4.2	4.21	4.205	3.23947e+07	4096	1499	0.512
4.21	4.22	4.215	3.24777e+07	4096	1499	0.512
4.22	4.23	4.225	3.25462e+07	4096	1499	0.512
4.23	4.24	4.235	3.26214e+07	4096	1499	0.512
4.24	4.25	4.245	3.27013e+07	4096	1499	0.512
4.25	4.26	4.255	3.27823e+07	4096	1499	0.512
4.26	4.27	4.265	3.28568e+07	4096	1499	0.512
4.27	4.28	4.275	3.29502e+07	4096	1499	0.512
4.28	4.29	4.285	3.30345e+07	4096	1499	0.512
4.29	4.3	4.295	3.30968e+07	4096	1499	0.512
4.3	4.31	4.305	3.31809e+07	4096	1499	0.512
4.31	4.32	4.315	3.32486e+07	4096	1499	0.512
4.32	4.33	4.325	3.33273e+07	4096	1499	0.512
4.33	4.34	4.335	3.34072e+07	4096	1499	0.512
4.34	4.35	4.345	3.34836e+07	4096	1499	0.512
4.35	4.36	4.355	3.35728e+07	4096	1499	0.512
4.36	4.37	4.365	3.36269e+07	4096	1499	0.512
4.37	4.38	4.375	3.37138e+07	4096	1499	0.512
4.38	4.39	4.385	3.37893e+07	4096	1499	0.512
4.39	4.4	4.395	3.3853e+07	4096	1499	0.512
4.4	4.41	4.405	3.39268e+07	4096	1499	0.512
4.41	4.42	4.415	3.40049e+07	4096	1499	0.512
4.42	4.43	4.425	3.40746e+07	4096	1499	0.512
4.43	4.44	4.435	3.41312e+07	4096	1499	0.512
4.44	4.45	4.445	3.42078e+07	4096	1499	0.512
4.45	4.46	4.455	3.42922e+07	4096	1499	0.512
4.46	4.47	4.465	3.43492e+07	4096	1499	0.512
4.47	4.48	4.475	3.4397e+07	4096	1499	0.512
4.48	4.49	4.485	3.44802e+07	4096	1499	0.512
4.49	4.5	4.495	3.45434e+07	4096	1499	0.512
4.5	4.51	4.505	3.46183e+07	4096	1499	0.512
4.51	4.52	4.515	3.46762e+07	4096	1499	0.512
4.52	4.53	4.525	3.47571e+07	4096	1499	0.512
4.53	4.54	4.535	3.48193e+07	4096	1499	0.512
4.54	4.55	4.545	3.48875e+07	4096	1499	0.512
4.55	4.56	4.555	3.49331e+07	4096	1499	0.512
4.56	4.57	4.565	3.50081e+07	4096	1499	0.512
4.57	4.58	4.575	3.50836e+07	4096	1499	0.512
4.58	4.59	4.585	3.51247e+07	4096	1499	0.512
4.59	4.6	4.595	3.51898e+07	4096	1499	0.512
4.6	4.61	4.605	3.52657e+07	4096	1499	0.512
4.61	4.62	4.615	3.5327e+07	4096	1499	0.512
4.62	4.63	4.625	3.53953e+07	4096	1499	0.512
4.63	4.64	4.635	3.5453e+07	4096	1499	0.512
4.64	4.65	4.645	3.55135e+07	4096	1499	0.512
4.65	4.66	4.655	3.55678e+07	4096	1499	0.512
4.66	4.67	4.665	3.56359e+07	4096	1499	0.512
4.67	4.68	4.675	3.57177e+07	4096	1499	0.512
4.68	4.69	4.685	3.57646e+07	4096	1499	0.512
4.69	4.7	4.695	3.58324e+07	4096	1499	0.512
4.7	4.71	4.705	3.59002e+07	4096	1499	0.512
4.71	4.72	4.715	3.59547e+07	4096	1499	0.512
4.72	4.73	4.725	3.60233e+07	4096	1499	0.512
4.73	4.74	4.735	3.60747e+07	4096	1499	0.512
4.74	4.75	4.745	3.61328e+07	4096	1499	0.512
4.75	4.76	4.755	3.62056e+07	4096	1499	0.512
4.76	4.77	4.765	3.62447e+07	4096	1499	0.512
4.77	4.78	4.775	3.63093e+07	4096	1499	0.512
4.78	4.79	4.785	3.63724e+07	4096	1499	0.512
4.79	4.8	4.795	3.64375e+07	4096	1499	0.512
4.8	4.81	4.805	3.64963e+07	4096	1499	0.512
4.81	4.82	4.815	3.65574e+07	4096	1499	0.512
4.82	4.83	4.825	3.66093e+07	4096	1499	0.512
4.83	4.84	4.835	3.66701e+07	4096	1499	0.512
4.84	4.85	4.845	3.67239e+07	4096	1499	0.512
4.85	4.86	4.855	3.6796e+07	4096	1499	0.512
4.86	4.87	4.865	3.68353e+07	4096	1499	0.512
4.87	4.88	4.875	3.69053e+07	4096	1499	0.512
4.88	4.89	4.885	3.69478e+07	4096	1499	0.512
4.89	4.9	4.895	3.70036e+07	4096	1499	0.512
4.9	4.91	4.905	3.70533e+07	4096	1499	0.512
4.91	4.92	4.915	3.7118e+07	4096	1499	0.512
4.92	4.93	4.925	3.71625e+07	4096	1499	0.512
4.93	4.94	4.935	3.72406e+07	4096	1499	0.512
4.94	4.95	4.945	3.7269e+07	4096	1499	0.512
4.95	4.96	4.955	3.73475e+07	4096	1499	0.512
4.96	4.97	4.965	3.73609e+07	4096	1499	0.512
4.97	4.98	4.975	3.74209e+07	4096	1499	0.512
4.98	4.99	4.985	3.74778e+07	4096	1499	0.512
4.99	5	4.995	3.75199e+07	4096	1499	0.512
5	5.01	5.005	3.75838e+07	4096	1499	0.512
5.01	5.02	5.015	3.76225e+07	4096	1499	0.512
5.02	5.03	5.025	3.76756e+07	4096	1499	0.512
5.03	5.04	5.035	3.77145e+07	4096	1499	0.512
5.04	5.05	5.045	3.77639e+07	4096	1499	0.512
5.05	5.06	5.055	3.7823e+07	4096	1499	0.512
5.06	5.07	5.065	3.78585e+07	4096	1499	0.512
5.07	5.08	5.075	3.79117e+07	4096	1499	0.512
5.08	5.09	5.085	3.79699e+07	4096	1499	0.512
5.09	5.1	5.095	3.80019e+07	4096	1499	0.512
5.1	5.11	5.105	3.80333e+07	4096	1499	0.512
5.11	5.12	5.115	3.80873e+07	4096	1499	0.512
5.12	5.13	5.125	3.81134e+07	4096	1499	0.512
5.13	5.14	5.135	3.81726e+07	4096	1499	0.512
5.14	5.15	5.145	3.82198e+07	4096	1499	0.512
5.15	5.16	5.155	3.82513e+07	4096	1499	0.512
5.16	5.17	5.165	3.83013e+07	4096	1499	0.512
5.17	5.18	5.175	3.83428e+07	4096	1499	0.512
5.18	5.19	5.185	3.83714e+07	4096	1499	0.512
5.19	5.2	5.195	3.84045e+07	4096	1499	0.512
5.2	5.21	5.205	3.84621e+07	4096	1499	0.512
5.21	5.22	5.215	3.84856e+07	4096	1499	0.512
5.22	5.23	5.225	3.85428e+07	4096	1499	0.512
5.23	5.24	5.235	3.85772e+07	4096	1499	0.512
5.24	5.25	5.245	3.86213e+07	4096	1499	0.512
5.25	5.26	5.255	3.86627e+07	4096	1499	0.512
5.26	5.27	5.265	3.87037e+07	4096	1499	0.512
5.27	5.28	5.275	3.8717e+07	4096	1499	0.512
5.28	5.29	5.285	3.87786e+07	4096	1499	0.512
5.29	5.3	5.295	3.88181e+07	4096	1499	0.512
5.3	5.31	5.305	3.88346e+07	4096	1499	0.512
5.31	5.32	5.315	3.89041e+07	4096	1499	0.512
5.32	5.33	5.325	3.89193e+07	4096	1499	0.512
5.33	5.34	5.335	3.89568e+07	4096	1499	0.512
5.34	5.35	5.345	3.89921e+07	4096	1499	0.512
5.35	5.36	5.355	3.90371e+07	4096	1499	0.512
5.36	5.37	5.365	3.90689e+07	4096	1499	0.512
5.37	5.38	5.375	3.91045e+07	4096	1499	0.512
5.38	5.39	5.385	3.91434e+07	4096	1499	0.512
5.39	5.4	5.395	3.91646e+07	4096	1499	0.512
5.4	5.41	5.405	3.92176e+07	4096	1499	0.512
5.41	5.42	5.415	3.92201e+07	4096	1499	0.512
5.42	5.43	5.425	3.92683e+07	4096	1499	0.512
5.43	5.44	5.435	3.92864e+07	4096	1499	0.512
5.44	5.45	5.445	3.9337e+07	4096	1499	0.512
5.45	5.46	5.455	3.93609e+07	4096	1499	0.512
5.46	5.47	5.465	3.9409e+07	4096	1499	0.512
5.47	5.48	5.475	3.9429e+07	4096	1499	0.512
5.48	5.49	5.485	3.94505e+07	4096	1499	0.512
5.49	5.5	5.495	3.94735e+07	4096	1499	0.512
5.5	5.51	5.505	3.95103e+07	4096	1499	0.512
5.51	5.52	5.515	3.95399e+07	4096	1499	0.512
5.52	5.53	5.525	3.9559e+07	4096	1499	0.512
5.53	5.54	5.535	3.95686e+07	4096	1499	0.512
5.54	5.55	5.545	3.96053e+07	4096	1499	0.512
5.55	5.56	5.555	3.96317e+07	4096	1499	0.512
5.56	5.57	5.565	3.96638e+07	4096	1499	0.512
5.57	5.58	5.575	3.9683e+07	4096	1499	0.512
5.58	5.59	5.585	3.96957e+07	4096	1499	0.512
5.59	5.6	5.595	3.97466e+07	4096	1499	0.512
5.6	5.61	5.605	3.97601e+07	4096	1499	0.512
5.61	5.62	5.615	3.9795e+07	4096	1499	0.512
5.62	5.63	5.625	3.98028e+07	4096	1499	0.512
5.63	5.64	5.635	3.98012e+07	4096	1499	0.512
5.64	5.65	5.645	3.98455e+07	4096	1499	0.512
5.65	5.66	5.655	3.98797e+07	4096	1499	0.512
5.66	5.67	5.665	3.98801e+07	4096	1499	0.512
5.67	5.68	5.675	3.99047e+07	4096	1499	0.512
5.68	5.69	5.685	3.99003e+07	4096	1499	0.512
5.69	5.7	5.695	3.99293e+07	4096	1499	0.512
5.7	5.71	5.705	3.99373e+07	4096	1499	0.512
5.71	5.72	5.715	3.99628e+07	4096	1499	0.512
5.72	5.73	5.725	3.99791e+07	4096	1499	0.512
5.73	5.74	5.735	4.00032e+07	4096	1499	0.512
5.74	5.75	5.745	4.00152e+07	4096	1499	0.512
5.75	5.76	5.755	4.00367e+07	4096	1499	0.512
5.76	5.77	5.765	4.00693e+07	4096	1499	0.512
5.77	5.78	5.775	4.00746e+07	4096	1499	0.512
5.78	5.79	5.785	4.00832e+07	4096	1499	0.512
5.79	5.8	5.795	4.00956e+07	4096	1499	0.512
5.8	5.81	5.805	4.01063e+07	4096	1499	0.512
5.81	5.82	5.815	4.01261e+07	4096	1499	0.512
5.82	5.83	5.825	4.01186e+07	4096	1499	0.512
5.83	5.84	5.835	4.01319e+07	4096	1499	0.512
5.84	5.85	5.845	4.01584e+07	4096	1499	0.512
5.85	5.86	5.855	4.01675e+07	4096	1499	0.512
5.86	5.87	5.865	4.01617e+07	4096	1499	0.512
5.87	5.88	5.875	4.02108e+07	4096	1499	0.512
5.88	5.89	5.885	4.0188e+07	4096	1499	0.512
5.89	5.9	5.895	4.02182e+07	4096	1499	0.512
5.9	5.91	5.905	4.02185e+07	4096	1499	0.512
5.91	5.92	5.915	4.02463e+07	4096	1499	0.512
5.92	5.93	5.925	4.02406e+07	4096	1499	0.512
5.93	5.94	5.935	4.02479e+07	4096	1499	0.512
5.94	5.95	5.945	4.02608e+07	4096	1499	0.512
5.95	5.96	5.955	4.02698e+07	4096	1499	0.512
5.96	5.97	5.965	4.02612e+07	4096	1499	0.512
5.97	5.98	5.975	4.02775e+07	4096	1499	0.512
5.98	5.99	5.985	4.02808e+07	4096	1499	0.512
5.99	6	5.995	4.02842e+07	4096	1499	0.512
6	6.01	6.005	4.02887e+07	4096	1499	0.512
6.01	6.02	6.015	4.03131e+07	4096	1499	0.512
6.02	6.03	6.025	4.03097e+07	4096	1499	0.512
6.03	6.04	6.035	4.03063e+07	4096	1499	0.512
6.04	6.05	6.045	4.03111e+07	4096	1499	0.512
6.05	6.06	6.055	4.03239e+07	4096	1499	0.512
6.06	6.07	6.065	4.02978e+07	4096	1499	0.512
6.07	6.08	6.075	4.0323e+07	4096	1499	0.512
6.08	6.09	6.085	4.03067e+07	4096	1499	0.512
6.09	6.1	6.095	4.03253e+07	4096	1499	0.512
6.1	6.11	6.105	4.02967e+07	4096	1499	0.512
6.11	6.12	6.115	4.02976e+07	4096	1499	0.512
6.12	6.13	6.125	4.03003e+07	4096	1499	0.512
6.13	6.14	6.135	4.03076e+07	4096	1499	0.512
6.14	6.15	6.145	4.03047e+07	4096	1499	0.512
6.15	6.16	6.155	4.02868e+07	4096	1499	0.512
6.16	6.17	6.165	4.02767e+07	4096	1499	0.512
6.17	6.18	6.175	4.03096e+07	4096	1499	0.512
6.18	6.19	6.185	4.02648e+07	4096	1499	0.512
6.19	6.2	6.195	4.02685e+07	4096	1499	0.512
6.2	6.21	6.205	4.02644e+07	4096	1499	0.512
6.21	6.22	6.215	4.02656e+07	4096	1499	0.512
6.22	6.23	6.225	4.02632e+07	4096	1499	0.512
6.23	6.24	6.235	4.02278e+07	4096	1499	0.512
6.24	6.25	6.245	4.02516e+07	4096	1499	0.512
6.25	6.26	6.255	4.02237e+07	4096	1499	0.512
6.26	6.27	6.265	4.02338e+07	4096	1499	0.512
6.27	6.28	6.275	4.02069e+07	4096	1499	0.512
6.28	6.29	6.285	4.01985e+07	4096	1499	0.512
6.29	6.3	6.295	4.02091e+07	4096	1499	0.512
6.3	6.31	6.305	4.01765e+07	4096	1499	0.512
6.31	6.32	6.315	4.01697e+07	4096	1499	0.512
6.32	6.33	6.325	4.01757e+07	4096	1499	0.512
6.33	6.34	6.335	4.01253e+07	4096	1499	0.512
6.34	6.35	6.345	4.01438e+07	4096	1499	0.512
6.35	6.36	6.355	4.01059e+07	4096	1499	0.512
6.36	6.37	6.365	4.01156e+07	4096	1499	0.512
6.37	6.38	6.375	4.00894e+07	4096	1499	0.512
6.38	6.39	6.385	4.00856e+07	4096	1499	0.512
6.39	6.4	6.395	4.00522e+07	4096	1499	0.512
6.4	6.41	6.405	4.00622e+07	4096	1499	0.512
6.41	6.42	6.415	4.00388e+07	4096	1499	0.512
6.42	6.43	6.425	4.00141e+07	4096	1499	0.512
6.43	6.44	6.435	4.00034e+07	4096	1499	0.512
6.44	6.45	6.445	3.99948e+07	4096	1499	0.512
6.45	6.46	6.455	3.99834e+07	4096	1499	0.512
6.46	6.47	6.465	3.99488e+07	4096	1499	0.512
6.47	6.48	6.475	3.99385e+07	4096	1499	0.512
6.48	6.49	6.485	3.99046e+07	4096	1499	0.512
6.49	6.5	6.495	3.98941e+07	4096	1499	0.512
6.5	6.51	6.505	3.98677e+07	4096	1499	0.512
6.51	6.52	6.515	3.9856e+07	4096	1499	0.512
6.52	6.53	6.525	3.98332e+07	4096	1499	0.512
6.53	6.54	6.535	3.98258e+07	4096	1499	0.512
6.54	6.55	6.545	3.97835e+07	4096	1499	0.512
6.55	6.56	6.555	3.97748e+07	4096	1499	0.512
6.56	6.57	6.565	3.97525e+07	4096	1499	0.512
6.57	6.58	6.575	3.97255e+07	4096	1499	0.512
6.58	6.59	6.585	3.9709e+07	4096	1499	0.512
6.59	6.6	6.595	3.9673e+07	4096	1499	0.512
6.6	6.61	6.605	3.96532e+07	4096	1499	0.512
6.61	6.62	6.615	3.96043e+07	4096	1499	0.512
6.62	6.63	6.625	3.96088e+07	4096	1499	0.512
6.63	6.64	6.635	3.95755e+07	4096	1499	0.512
6.64	6.65	6.645	3.95434e+07	4096	1499	0.512
6.65	6.66	6.655	3.95132e+07	4096	1499	0.512
6.66	6.67	6.665	3.94838e+07	4096	1499	0.512
6.67	6.68	6.675	3.94637e+07	4096	1499	0.512
6.68	6.69	6.685	3.94273e+07	4096	1499	0.512
6.69	6.7	6.695	3.93979e+07	4096	1499	0.512
6.7	6.71	6.705	3.93593e+07	4096	1499	0.512
6.71	6.72	6.715	3.93274e+07	4096	1499	0.512
6.72	6.73	6.725	3.92956e+07	4096	1499	0.512
6.73	6.74	6.735	3.92644e+07	4096	1499	0.512
6.74	6.75	6.745	3.92455e+07	4096	1499	0.512
6.75	6.76	6.755	3.92125e+07	4096	1499	0.512
6.76	6.77	6.765	3.91702e+07	4096	1499	0.512
6.77	6.78	6.775	3.91363e+07	4096	1499	0.512
6.78	6.79	6.785	3.91135e+07	4096	1499	0.512
6.79	6.8	6.795	3.90711e+07	4096	1499	0.512
6.8	6.81	6.805	3.90336e+07	4096	1499	0.512
6.81	6.82	6.815	3.90059e+07	4096	1499	0.512
6.82	6.83	6.825	3.89746e+07	4096	1499	0.512
6.83	6.84	6.835	3.89469e+07	4096	1499	0.512
6.84	6.85	6.845	3.88847e+07	4096	1499	0.512
6.85	6.86	6.855	3.88486e+07	4096	1499	0.512
6.86	6.87	6.865	3.88387e+07	4096	1499	0.512
6.87	6.88	6.875	3.87836e+07	4096	1499	0.512
6.88	6.89	6.885	3.8749e+07	4096	1499	0.512
6.89	6.9	6.895	3.87117e+07	4096	1499	0.512
6.9	6.91	6.905	3.86558e+07	4096	1499	0.512
6.91	6.92	6.915	3.86187e+07	4096	1499	0.512
6.92	6.93	6.925	3.85845e+07	4096	1499	0.512
6.93	6.94	6.935	3.85472e+07	4096	1499	0.512
6.94	6.95	6.945	3.84971e+07	4096	1499	0.512
6.95	6.96	6.955	3.84737e+07	4096	1499	0.512
6.96	6.97	6.965	3.843e+07	4096	1499	0.512
6.97	6.98	6.975	3.83791e+07	4096	1499	0.512
6.98	6.99	6.985	3.83379e+07	4096	1499	0.512
6.99	7	6.995	3.82871e+07	4096	1499	0.512
7	7.01	7.005	3.8262e+07	4096	1499	0.512
7.01	7.02	7.015	3.82039e+07	4096	1499	0.512
7.02	7.03	7.025	3.8162e+07	4096	1499	0.512
7.03	7.04	7.035	3.81244e+07	4096	1499	0.512
7.04	7.05	7.045	3.8062e+07	4096	1499	0.512
7.05	7.06	7.055	3.80167e+07	4096	1499	0.512
7.06	7.07	7.065	3.79802e+07	4096	1499	0.512
7.07	7.08	7.075	3.79223e+07	4096	1499	0.512
7.08	7.09	7.085	3.78804e+07	4096	1499	0.512
7.09	7.1	7.095	3.78361e+07	4096	1499	0.512
7.1	7.11	7.105	3.77815e+07	4096	1499	0.512
7.11	7.12	7.115	3.7734e+07	4096	1499	0.512
7.12	7.13	7.125	3.76815e+07	4096	1499	0.512
7.13	7.14	7.135	3.76401e+07	4096	1499	0.512
7.14	7.15	7.145	3.75927e+07	4096	1499	0.512
7.15	7.16	7.155	3.75283e+07	4096	1499	0.512
7.16	7.17	7.165	3.74948e+07	4096	1499	0.512
7.17	7.18	7.175	3.74465e+07	4096	1499	0.512
7.18	7.19	7.185	3.73814e+07	4096	1499	0.512
7.19	7.2	7.195	3.73106e+07	4096	1499	0.512
7.2	7.21	7.205	3.72574e+07	4096	1499	0.512
7.21	7.22	7.215	3.7223e+07	4096	1499	0.512
7.22	7.23	7.225	3.71664e+07	4096	1499	0.512
7.23	7.24	7.235	3.71233e+07	4096	1499	0.512
7.24	7.25	7.245	3.70341e+07	4096	1499	0.512
7.25	7.26	7.255	3.69932e+07	4096	1499	0.512
7.26	7.27	7.265	3.69288e+07	4096	1499	0.512
7.27	7.28	7.275	3.68699e+07	4096	1499	0.512
7.28	7.29	7.285	3.68286e+07	4096	1499	0.512
7.29	7.3	7.295	3.67735e+07	4096	1499	0.512
7.3	7.31	7.305	3.67068e+07	4096	1499	0.512
7.31	7.32	7.315	3.66584e+07	4096	1499	0.512
7.32	7.33	7.325	3.65814e+07	4096	1499	0.512
7.33	7.34	7.335	3.65398e+07	4096	1499	0.512
7.34	7.35	7.345	3.64824e+07	4096	1499	0.512
7.35	7.36	7.355	3.64158e+07	4096	1499	0.512
7.36	7.37	7.365	3.63614e+07	4096	1499	0.512
7.37	7.38	7.375	3.62903e+07	4096	1499	0.512
7.38	7.39	7.385	3.62329e+07	4096	1499	0.512
7.39	7.4	7.395	3.61616e+07	4096	1499	0.512
7.4	7.41	7.405	3.61055e+07	4096	1499	0.512
7.41	7.42	7.415	3.60509e+07	4096	1499	0.512
7.42	7.43	7.425	3.59753e+07	4096	1499	0.512
7.43	7.44	7.435	3.59198e+07	4096	1499	0.512
7.44	7.45	7.445	3.58534e+07	4096	1499	0.512
7.45	7.46	7.455	3.57994e+07	4096	1499	0.512
7.46	7.47	7.465	3.57288e+07	4096	1499	0.512
7.47	7.48	7.475	3.56495e+07	4096	1499	0.512
7.48	7.49	7.485	3.5598e+07	4096	1499	0.512
7.49	7.5	7.495	3.55279e+07	4096	1499	0.512
7.5	7.51	7.505	3.54709e+07	4096	1499	0.512
7.51	7.52	7.515	3.53971e+07	4096	1499	0.512
7.52	7.53	7.525	3.53345e+07	4096	1499	0.512
7.53	7.54	7.535	3.52649e+07	4096	1499	0.512
7.54	7.55	7.545	3.51842e+07	4096	1499	0.512
7.55	7.56	7.555	3.51414e+07	4096	1499	0.512
7.56	7.57	7.565	3.50575e+07	4096	1499	0.512
7.57	7.58	7.575	3.49974e+07	4096	1499	0.512
7.58	7.59	7.585	3.49425e+07	4096	1499	0.512
7.59	7.6	7.595	3.48707e+07	4096	1499	0.512
7.6	7.61	7.605	3.48004e+07	4096	1499	0.512
7.61	7.62	7.615	3.47066e+07	4096	1499	0.512
7.62	7.63	7.625	3.46329e+07	4096	1499	0.512
7.63	7.64	7.635	3.45647e+07	4096	1499	0.512
7.64	7.65	7.645	3.45026e+07	4096	1499	0.512
7.65	7.66	7.655	3.44233e+07	4096	1499	0.512
7.66	7.67	7.665	3.43655e+07	4096	1499	0.512
7.67	7.68	7.675	3.42792e+07	4096	1499	0.512
7.68	7.69	7.685	3.41991e+07	4096	1499	0.512
7.69	7.7	7.695	3.41344e+07	4096	1499	0.512
7.7	7.71	7.705	3.40514e+07	4096	1499	0.512
7.71	7.72	7.715	3.399e+07	4096	1499	0.512
7.72	7.73	7.725	3.39091e+07	4096	1499	0.512
7.73	7.74	7.735	3.38216e+07	4096	1499	0.512
7.74	7.75	7.745	3.3759e+07	4096	1499	0.512
7.75	7.76	7.755	3.36858e+07	4096	1499	0.512
7.76	7.77	7.765	3.36025e+07	4096	1499	0.512
7.77	7.78	7.775	3.35274e+07	4096	1499	0.512
7.78	7.79	7.785	3.34576e+07	4096	1499	0.512
7.79	7.8	7.795	3.33726e+07	4096	1499	0.512
7.8	7.81	7.805	3.32935e+07	4096	1499	0.512
7.81	7.82	7.815	3.32121e+07	4096	1499	0.512
7.82	7.83	7.825	3.31244e+07	4096	1499	0.512
7.83	7.84	7.835	3.30524e+07	4096	1499	0.512
7.84	7.85	7.845	3.29685e+07	4096	1499	0.512
7.85	7.86	7.855	3.29048e+07	4096	1499	0.512
7.86	7.87	7.865	3.27973e+07	4096	1499	0.512
7.87	7.88	7.875	3.27204e+07	4096	1499	0.512
7.88	7.89	7.885	3.26481e+07	4096	1499	0.512
7.89	7.9	7.895	3.2562e+07	4096	1499	0.512
7.9	7.91	7.905	3.2484e+07	4096	1499	0.512
7.91	7.92	7.915	3.24077e+07	4096	1499	0.512
7.92	7.93	7.925	3.23264e+07	4096	1499	0.512
7.93	7.94	7.935	3.22333e+07	4096	1499	0.512
7.94	7.95	7.945	3.21593e+07	4096	1499	0.512
7.95	7.96	7.955	3.20764e+07	4096	1499	0.512
7.96	7.97	7.965	3.19912e+07	4096	1499	0.512
7.97	7.98	7.975	3.19106e+07	4096	1499	0.512
7.98	7.99	7.985	3.1822e+07	4096	1499	0.512
7.99	8	7.995	3.17545e+07	4096	1499	0.512
8	8.01	8.005	3.16492e+07	4096	1499	0.512
8.01	8.02	8.015	3.15709e+07	4096	1499	0.512
8.02	8.03	8.025	3.14899e+07	4096	1499	0.512
8.03	8.04	8.035	3.14092e+07	4096	1499	0.512
8.04	8.05	8.045	3.13145e+07	4096	1499	0.512
8.05	8.06	8.055	3.12232e+07	4096	1499	0.512
8.06	8.07	8.065	3.11438e+07	4096	1499	0.512
8.07	8.08	8.075	3.10498e+07	4096	1499	0.512
8.08	8.09	8.085	3.09527e+07	4096	1499	0.512
8.09	8.1	8.095	3.08727e+07	4096	1499	0.512
8.1	8.11	8.105	3.07862e+07	4096	1499	0.512
8.11	8.12	8.115	3.06948e+07	4096	1499	0.512
8.12	8.13	8.125	3.05997e+07	4096	1499	0.512
8.13	8.14	8.135	3.05079e+07	4096	1499	0.512
8.14	8.15	8.145	3.04167e+07	4096	1499	0.512
8.15	8.16	8.155	3.03338e+07	4096	1499	0.512
8.16	8.17	8.165	3.02439e+07	4096	1499	0.512
8.17	8.18	8.175	3.01449e+07	4096	1499	0.512
8.18	8.19	8.185	3.00694e+07	4096	1499	0.512
8.19	8.2	8.195	2.9982e+07	4096	1499	0.512
8.2	8.21	8.205	2.98816e+07	4096	1499	0.512
8.21	8.22	8.215	2.97839e+07	4096	1499	0.512
8.22	8.23	8.225	2.97173e+07	4096	1499	0.512
8.23	8.24	8.235	2.96126e+07	4096	1499	0.512
8.24	8.25	8.245	2.95181e+07	4096	1499	0.512
8.25	8.26	8.255	2.94278e+07	4096	1499	0.512
8.26	8.27	8.265	2.93348e+07	4096	1499	0.512
8.27	8.28	8.275	2.9224e+07	4096	1499	0.512
8.28	8.29	8.285	2.9148e+07	4096	1499	0.512
8.29	8.3	8.295	2.90368e+07	4096	1499	0.512
8.3	8.31	8.305	2.89545e+07	4096	1499	0.512
8.31	8.32	8.315	2.88541e+07	4096	1499	0.512
8.32	8.33	8.325	2.87727e+07	4096	1499	0.512
8.33	8.34	8.335	2.86743e+07	4096	1499	0.512
8.34	8.35	8.345	2.85712e+07	4096	1499	0.512
8.35	8.36	8.355	2.84766e+07	4096	1499	0.512
8.36	8.37	8.365	2.83822e+07	4096	1499	0.512
8.37	8.38	8.375	2.82838e+07	4096	1499	0.512
8.38	8.39	8.385	2.81829e+07	4096	1499	0.512
8.39	8.4	8.395	2.80954e+07	4096	1499	0.512
8.4	8.41	8.405	2.79965e+07	4096	1499	0.512
8.41	8.42	8.415	2.78864e+07	4096	1499	0.512
8.42	8.43	8.425	2.78174e+07	4096	1499	0.512
8.43	8.44	8.435	2.76999e+07	4096	1499	0.512
8.44	8.45	8.445	2.7601e+07	4096	1499	0.512
8.45	8.46	8.455	2.74907e+07	4096	1499	0.512
8.46	8.47	8.465	2.74163e+07	4096	1499	0.512
8.47	8.48	8.475	2.73068e+07	4096	1499	0.512
8.48	8.49	8.485	2.72268e+07	4096	1499	0.512
8.49	8.5	8.495	2.71104e+07	4096	1499	0.512
8.5	8.51	8.505	2.70067e+07	4096	1499	0.512
8.51	8.52	8.515	2.69057e+07	4096	1499	0.512
8.52	8.53	8.525	2.68284e+07	4096	1499	0.512
8.53	8.54	8.535	2.67135e+07	4096	1499	0.512
8.54	8.55	8.545	2.66089e+07	4096	1499	0.512
8.55	8.56	8.555	2.65201e+07	4096	1499	0.512
8.56	8.57	8.565	2.64061e+07	4096	1499	0.512
8.57	8.58	8.575	2.63272e+07	4096	1499	0.512
8.58	8.59	8.585	2.62196e+07	4096	1499	0.512
8.59	8.6	8.595	2.61218e+07	4096	1499	0.512
8.6	8.61	8.605	2.60176e+07	4096	1499	0.512
8.61	8.62	8.615	2.59103e+07	4096	1499	0.512
8.62	8.63	8.625	2.58212e+07	4096	1499	0.512
8.63	8.64	8.635	2.57156e+07	4096	1499	0.512
8.64	8.65	8.645	2.56244e+07	4096	1499	0.512
8.65	8.66	8.655	2.5508e+07	4096	1499	0.512
8.66	8.67	8.665	2.54169e+07	4096	1499	0.512
8.67	8.68	8.675	2.53172e+07	4096	1499	0.512
8.68	8.69	8.685	2.52032e+07	4096	1499	0.512
8.69	8.7	8.695	2.51056e+07	4096	1499	0.512
8.7	8.71	8.705	2.49935e+07	4096	1499	0.512
8.71	8.72	8.715	2.48975e+07	4096	1499	0.512
8.72	8.73	8.725	2.47965e+07	4096	1499	0.512
8.73	8.74	8.735	2.46864e+07	4096	1499	0.512
8.74	8.75	8.745	2.45928e+07	4096	1499	0.512
8.75	8.76	8.755	2.44778e+07	4096	1499	0.512
8.76	8.77	8.765	2.43872e+07	4096	1499	0.512
8.77	8.78	8.775	2.42684e+07	4096	1499	0.512
8.78	8.79	8.785	2.4184e+07	4096	1499	0.512
8.79	8.8	8.795	2.40732e+07	4096	1499	0.512
8.8	8.81	8.805	2.3972e+07	4096	1499	0.512
8.81	8.82	8.815	2.38662e+07	4096	1499	0.512
8.82	8.83	8.825	2.37565e+07	4096	1499	0.512
8.83	8.84	8.835	2.36588e+07	4096	1499	0.512
8.84	8.85	8.845	2.35498e+07	4096	1499	0.512
8.85	8.86	8.855	2.34358e+07	4096	1499	0.512
8.86	8.87	8.865	2.33443e+07	4096	1499	0.512
8.87	8.88	8.875	2.32335e+07	4096	1499	0.512
8.88	8.89	8.885	2.31491e+07	4096	1499	0.512
8.89	8.9	8.895	2.30325e+07	4096	1499	0.512
8.9	8.91	8.905	2.29272e+07	4096	1499	0.512
8.91	8.92	8.915	2.28209e+07	4096	1499	0.512
8.92	8.93	8.925	2.27145e+07	4096	1499	0.512
8.93	8.94	8.935	2.26103e+07	4096	1499	0.512
8.94	8.95	8.945	2.25072e+07	4096	1499	0.512
8.95	8.96	8.955	2.24031e+07	4096	1499	0.512
8.96	8.97	8.965	2.23029e+07	4096	1499	0.512
8.97	8.98	8.975	2.21853e+07	4096	1499	0.512
8.98	8.99	8.985	2.20897e+07	4096	1499	0.512
8.99	9	8.995	2.19804e+07	4096	1499	0.512
9	9.01	9.005	2.18856e+07	4096	1499	0.512
9.01	9.02	9.015	2.17809e+07	4096	1499	0.512
9.02	9.03	9.025	2.16675e+07	4096	1499	0.512
9.03	9.04	9.035	2.15693e+07	4096	1499	0.512
9.04	9.05	9.045	2.14567e+07	4096	1499	0.512
9.05	9.06	9.055	2.13571e+07	4096	1499	0.512
9.06	9.07	9.065	2.12477e+07	4096	1499	0.512
9.07	9.08	9.075	2.11511e+07	4096	1499	0.512
9.08	9.09	9.085	2.10421e+07	4096	1499	0.512
9.09	9.1	9.095	2.0941e+07	4096	1499	0.512
9.1	9.11	9.105	2.08313e+07	4096	1499	0.512
9.11	9.12	9.115	2.07329e+07	4096	1499	0.512
9.12	9.13	9.125	2.06269e+07	4096	1499	0.512
9.13	9.14	9.135	2.05244e+07	4096	1499	0.512
9.14	9.15	9.145	2.04145e+07	4096	1499	0.512
9.15	9.16	9.155	2.0318e+07	4096	1499	0.512
9.16	9.17	9.165	2.02024e+07	4096	1499	0.512
9.17	9.18	9.175	2.01033e+07	4096	1499	0.512
9.18	9.19	9.185	2.00021e+07	4096	1499	0.512
9.19	9.2	9.195	1.98909e+07	4096	1499	0.512
9.2	9.21	9.205	1.97867e+07	4096	1499	0.512
9.21	9.22	9.215	1.96735e+07	4096	1499	0.512
9.22	9.23	9.225	1.95859e+07	4096	1499	0.512
9.23	9.24	9.235	1.94691e+07	4096	1499	0.512
9.24	9.25	9.245	1.93798e+07	4096	1499	0.512
9.25	9.26	9.255	1.9262e+07	4096	1499	0.512
9.26	9.27	9.265	1.91524e+07	4096	1499	0.512
9.27	9.28	9.275	1.905e+07	4096	1499	0.512
9.28	9.29	9.285	1.89547e+07	4096	1499	0.512
9.29	9.3	9.295	1.88531e+07	4096	1499	0.512
9.3	9.31	9.305	1.87606e+07	4096	1499	0.512
9.31	9.32	9.315	1.86358e+07	4096	1499	0.512
9.32	9.33	9.325	1.85545e+07	4096	1499	0.512
9.33	9.34	9.335	1.84372e+07	4096	1499	0.512
9.34	9.35	9.345	1.83359e+07	4096	1499	0.512
9.35	9.36	9.355	1.82453e+07	4096	1499	0.512
9.36	9.37	9.365	1.81227e+07	4096	1499	0.512
9.37	9.38	9.375	1.80226e+07	4096	1499	0.512
9.38	9.39	9.385	1.79168e+07	4096	1499	0.512
9.39	9.4	9.395	1.78231e+07	4096	1499	0.512
9.4	9.41	9.405	1.77326e+07	4096	1499	0.512
9.41	9.42	9.415	1.76264e+07	4096	1499	0.512
9.42	9.43	9.425	1.75075e+07	4096	1499	0.512
9.43	9.44	9.435	1.74208e+07	4096	1499	0.512
9.44	9.45	9.445	1.73145e+07	4096	1499	0.512
9.45	9.46	9.455	1.72144e+07	4096	1499	0.512
9.46	9.47	9.465	1.71132e+07	4096	1499	0.512
9.47	9.48	9.475	1.70056e+07	4096	1499	0.512
9.48	9.49	9.485	1.69162e+07	4096	1499	0.512
9.49	9.5	9.495	1.68131e+07	4096	1499	0.512
9.5	9.51	9.505	1.67079e+07	4096	1499	0.512
9.51	9.52	9.515	1.66156e+07	4096	1499	0.512
9.52	9.53	9.525	1.65132e+07	4096	1499	0.512
9.53	9.54	9.535	1.64101e+07	4096	1499	0.512
9.54	9.55	9.545	1.63113e+07	4096	1499	0.512
9.55	9.56	9.555	1.62167e+07	4096	1499	0.512
9.56	9.57	9.565	1.61074e+07	4096	1499	0.512
9.57	9.58	9.575	1.6016e+07	4096	1499	0.512
9.58	9.59	9.585	1.59112e+07	4096	1499	0.512
9.59	9.6	9.595	1.58285e+07	4096	1499	0.512
9.6	9.61	9.605	1.57233e+07	4096	1499	0.512
9.61	9.62	9.615	1.56302e+07	4096	1499	0.512
9.62	9.63	9.625	1.55438e+07	4096	1499	0.512
9.63	9.64	9.635	1.54346e+07	4096	1499	0.512
9.64	9.65	9.645	1.53406e+07	4096	1499	0.512
9.65	9.66	9.655	1.525e+07	4096	1499	0.512
9.66	9.67	9.665	1.51449e+07	4096	1499	0.512
9.67	9.68	9.675	1.50487e+07	4096	1499	0.512
9.68	9.69	9.685	1.49645e+07	4096	1499	0.512
9.69	9.7	9.695	1.48577e+07	4096	1499	0.512
9.7	9.71	9.705	1.47571e+07	4096	1499	0.512
9.71	9.72	9.715	1.46665e+07	4096	1499	0.512
9.72	9.73	9.725	1.45793e+07	4096	1499	0.512
9.73	9.74	9.735	1.44886e+07	4096	1499	0.512
9.74	9.75	9.745	1.43901e+07	4096	1499	0.512
9.75	9.76	9.755	1.42837e+07	4096	1499	0.512
9.76	9.77	9.765	1.41956e+07	4096	1499	0.512
9.77	9.78	9.775	1.41194e+07	4096	1499	0.512
9.78	9.79	9.785	1.40212e+07	4096	1499	0.512
9.79	9.8	9.795	1.3927e+07	4096	1499	0.512
9.8	9.81	9.805	1.38357e+07	4096	1499	0.512
9.81	9.82	9.815	1.37385e+07	4096	1499	0.512
9.82	9.83	9.825	1.36532e+07	4096	1499	0.512
9.83	9.84	9.835	1.35588e+07	4096	1499	0.512
9.84	9.85	9.845	1.347e+07	4096	1499	0.512
9.85	9.86	9.855	1.33904e+07	4096	1499	0.512
9.86	9.87	9.865	1.32889e+07	4096	1499	0.512
9.87	9.88	9.875	1.32038e+07	4096	1499	0.512
9.88	9.89	9.885	1.3119e+07	4096	1499	0.512
9.89	9.9	9.895	1.30269e+07	4096	1499	0.512
9.9	9.91	9.905	1.29425e+07	4096	1499	0.512
9.91	9.92	9.915	1.28511e+07	4096	1499	0.512
9.92	9.93	9.925	1.27722e+07	4096	1499	0.512
9.93	9.94	9.935	1.26841e+07	4096	1499	0.512
9.94	9.95	9.945	1.26018e+07	4096	1499	0.512
9.95	9.96	9.955	1.25164e+07	4096	1499	0.512
9.96	9.97	9.965	1.24299e+07	4096	1499	0.512
9.97	9.98	9.975	1.23414e+07	4096	1499	0.512
9.98	9.99	9.985	1.22548e+07	4096	1499	0.512
9.99	10	9.995	1.21849e+07	4096	1499	0.512
