                   1	  0.0577150816438745	   0.445735545041369
                   1	  0.0546294157587192	   0.465966612803971
                   1	   0.056804797732175	   0.443548891057917
                   1	  0.0559947017237654	   0.458393352938668
                   1	  0.0529512814302903	   0.481561563595217
                   1	   0.055668885712209	   0.462532720879741
                   1	  0.0558889459384626	   0.460141387672148
                   1	  0.0550693179531191	   0.464242349398418
                   1	  0.0566721338327715	   0.442681927440136
                   1	  0.0542475312281399	   0.471377691093962
                   1	  0.0546308282028881	   0.478061316413896
                   1	  0.0559345774787696	   0.460571457617758
                   1	  0.0538692648607845	   0.476810515139406
                   1	  0.0546856731281137	   0.467817193823438
                   1	   0.055794039745539	   0.453336585193968
                   1	  0.0547101523435118	   0.458585072782614
                   1	  0.0551770445971609	   0.461427355126631
                   1	   0.054374386142634	   0.461653630072462
                   1	  0.0556640482958211	   0.469869570757829
                   1	  0.0567131176888371	   0.454802411277319
                   1	  0.0554718076807814	   0.469621902661913
                   1	  0.0568992478647355	   0.448492537405332
                   1	  0.0549318162904091	   0.460455385118533
                   1	  0.0550600627905902	   0.477538475416187
                   1	  0.0564312000201296	   0.461643481762345
                   1	  0.0570112748589832	   0.458501693168442
                   1	  0.0572882302272687	   0.452256788207378
                   1	  0.0559480310600272	   0.448638900474766
                   1	  0.0567359932556258	   0.455319636745255
                   1	  0.0551296504050251	   0.460534386208631
                   1	  0.0552157066379258	   0.460336903450718
                   1	  0.0558797137649802	   0.458522944092477
                   1	  0.0549539882747383	   0.464466842939462
                   1	  0.0553389232318268	   0.453126581125132
                   1	  0.0563375713995023	   0.456748965861248
                   1	  0.0565586541120995	   0.459003743098121
                   1	  0.0557616748491242	   0.463461522046845
                   1	  0.0555559951788615	   0.455057565231791
                   1	  0.0560178069142695	   0.446755914926744
                   1	  0.0574117183286825	   0.451650606989456
                   1	  0.0559770306324774	   0.458745442615258
                   1	  0.0566401296976505	   0.460126560118468
                   1	  0.0562337676814792	   0.457017473103828
                   1	  0.0558245476815642	   0.468621055406188
                   1	    0.05525394257687	   0.462421207175724
                   1	  0.0557799219585206	   0.463418799028958
                   1	  0.0549795035759933	   0.462453473795818
                   1	  0.0556484349477056	   0.467127171077633
                   1	  0.0545531623046565	   0.459433489137798
                   1	  0.0548997295524898	   0.469488184108732
                   1	  0.0559051356262065	   0.459580020291358
                   1	  0.0559139273306322	   0.461820080981254
                   1	  0.0543738556221841	   0.465764267682549
                   1	  0.0562783862970444	   0.459110994138465
                   1	  0.0547777474686437	   0.463195699223066
                   1	  0.0567427043626453	   0.446291234569288
                   1	  0.0550518262114207	   0.463266954426308
                   1	  0.0544623934108216	   0.472653959834063
                   1	  0.0551227697936379	   0.460225552338252
                   1	  0.0559530128174016	   0.452371683616369
                   1	  0.0543219494927493	   0.471363944520004
                   1	  0.0546908913397404	    0.46484780261728
                   1	  0.0564085677862528	    0.45024223518708
                   1	  0.0562558220751931	   0.450390383483654
                   1	  0.0561554520434691	   0.460905875014808
                   1	  0.0569353345831863	     0.4465709111405
                   1	   0.056833318794952	    0.44278204410721
                   1	  0.0552934135325977	   0.467661036984526
                   1	  0.0561899584598119	    0.46728382228742
                   1	  0.0575389638296688	   0.448756641613188
                   1	  0.0557168434068287	     0.4577222495123
                   1	  0.0552501536090791	   0.455814875871539
                   1	  0.0551640251975162	   0.466300659845849
                   1	   0.055413871499543	   0.461866825202802
                   1	  0.0557332688530402	   0.464545307204664
                   1	  0.0558527888535984	   0.456843837905003
                   1	  0.0552520859062266	   0.458615328712187
                   1	  0.0562391591117456	    0.45077432260033
                   1	  0.0560678707307928	   0.457026034492353
                   1	  0.0552297415903005	   0.454033866379652
                   1	    0.05709843070504	   0.446694859159446
                   1	  0.0560558117386851	   0.446798361962922
                   1	  0.0550241310392348	   0.469130872219778
                   1	   0.055948302461526	   0.452054972078526
                   1	  0.0560625794014256	   0.459307285319403
                   1	  0.0558027889186967	   0.453582401705234
                   1	   0.055250977557967	   0.461749275703453
                   1	  0.0538968759219168	   0.473190213583144
                   1	  0.0550668485771467	   0.462103899846441
                   1	  0.0559763877208728	   0.460022835389924
                   1	  0.0535659845658935	   0.475302907505543
                   1	  0.0558648292434843	    0.45776066375422
                   1	  0.0563194480324938	    0.46573480726565
                   1	  0.0564771448671674	   0.449808797020948
                   1	  0.0565189929519324	   0.450343334133531
                   1	  0.0550016616804126	   0.454901842640137
                   1	  0.0559700130301539	   0.453820112008805
                   1	  0.0563939748031165	   0.442759664956031
                   1	   0.055694916254887	   0.463186245912213
                   1	  0.0543092663291406	   0.472773814592535
                   1	  0.0547128454031779	   0.465492832631488
                   1	  0.0560824593647164	   0.454364611152835
                   1	  0.0575150175778791	   0.439014363283368
                   1	  0.0547773341366968	   0.467603874686935
                   1	  0.0544927204808862	   0.470090255973846
                   1	  0.0547337816260545	    0.47200876893305
                   1	  0.0548002073777983	   0.467267065312462
                   1	   0.056232941951948	   0.454142972645962
                   1	  0.0536002866940148	    0.47244297380049
                   1	  0.0546629902162438	   0.473257795988964
                   1	  0.0555807840252587	    0.46153822844079
                   1	  0.0555337657092163	   0.469187215059299
                   1	   0.056189309139221	   0.454823930547609
                   1	  0.0558290837559546	   0.453351916279311
                   1	   0.056690775064879	   0.448937028839769
                   1	   0.056281299905292	   0.455221809445185
                   1	  0.0562591234619489	   0.457778748047514
                   1	  0.0566347211048036	   0.446964787850765
                   1	  0.0561251954021808	   0.455327345847179
                   1	  0.0543061963609956	   0.468928632526506
                   1	  0.0559673697172514	   0.453520410138846
                   1	  0.0555227845621374	   0.460846739419849
                   1	  0.0561200800086614	   0.454922310541644
                   1	  0.0561178806250067	   0.450403159381541
                   1	  0.0553085315648803	   0.457073222243347
                   1	  0.0547095112290089	   0.464179876470631
                   1	  0.0547748760815225	    0.46009003253169
                   1	  0.0550665782658318	   0.463555071053253
                   1	    0.05513835584147	   0.460349631287719
                   1	  0.0567252945133113	   0.442683340802686
                   1	  0.0553835498163554	   0.458496291308122
                   1	  0.0547978961087572	   0.464428067948737
                   1	  0.0542515454595909	   0.466850518002367
                   1	  0.0555844352030831	   0.453674496035939
                   1	  0.0562064444084916	   0.456414123203287
                   1	   0.056707948887293	   0.444119390846321
                   1	  0.0560571549746565	   0.460815713320356
                   1	  0.0558698517829991	   0.458906766910843
                   1	  0.0548373011060466	   0.458725962550148
                   1	  0.0553669351534351	   0.455523420084848
                   1	  0.0557930748589927	   0.451721345213914
                   1	  0.0554581835250195	   0.464501173142502
                   1	  0.0571363251276543	   0.444903268194637
                   1	   0.057276022421595	   0.444519455226425
                   1	   0.056102949668003	    0.46336962505357
                   1	  0.0556222405251548	   0.467163962058123
                   1	  0.0543808181991407	   0.473216690438391
                   1	  0.0546198939830654	   0.460826304764683
                   1	  0.0545622059636117	   0.468513839291532
                   1	  0.0562486622359631	   0.459630857372675
                   1	  0.0554093207802789	   0.464879193721959
                   1	  0.0545888291154427	   0.459484454507617
                   1	  0.0569928297495399	    0.45161842045256
                   1	  0.0557354226774356	   0.456229802837283
                   1	  0.0569610903920746	   0.459981008097271
                   1	  0.0565457325199217	   0.456313393864404
                   1	  0.0548815728199184	   0.463506816915028
                   1	  0.0555805593066784	   0.462489924262243
                   1	  0.0564402107258964	   0.454216549338182
                   1	  0.0540598202437713	     0.4696175419087
                   1	  0.0552131696533408	   0.458455016362665
                   1	  0.0561099908394416	   0.452852746831555
                   1	  0.0542751194364767	   0.461929621134552
                   1	  0.0571752973042196	   0.450724373137443
                   1	  0.0568411990844327	   0.452336349654867
                   1	   0.056462920905642	    0.45905644984737
                   1	  0.0554971240326689	   0.454863332838591
                   1	  0.0574240096154926	   0.442967608843668
                   1	  0.0561628505213335	   0.463550037059683
                   1	  0.0554997853099905	   0.461775775926948
                   1	  0.0540533281258608	   0.461055978517566
                   1	  0.0558016041243816	   0.461113860528377
                   1	  0.0552953284280874	   0.468391591201901
                   1	  0.0563150029930447	   0.460460809942261
                   1	   0.055734597282039	   0.461939141913569
                   1	  0.0538378129675808	   0.478009049503635
                   1	  0.0554200961475462	   0.464992436465292
                   1	  0.0560409075932118	   0.462929593280701
                   1	  0.0564752040094337	   0.453073829737474
                   1	  0.0566871928323077	   0.454662186593106
                   1	  0.0546676049214985	   0.462734723712029
                   1	  0.0554482409435432	   0.466613593119348
                   1	  0.0559600351447627	   0.453424775968329
                   1	  0.0552401427531744	   0.463753616812947
                   1	  0.0557017136955631	   0.458453277318652
                   1	  0.0559295528732319	   0.450435992022043
                   1	  0.0553179780319706	   0.462152976870039
                   1	  0.0558929754729835	    0.46619238298649
                   1	  0.0549976972610693	   0.464868239992665
                   1	  0.0542810831753339	   0.470533350083094
                   1	  0.0560582865661416	   0.457899301251785
                   1	  0.0563800291660456	     0.4497314587031
                   1	  0.0559116825121201	   0.456723758151342
                   1	  0.0571794194889344	   0.448949261764078
                   1	  0.0552718440941128	   0.460950091799705
                   1	  0.0542720098531623	   0.468065050495025
                   1	  0.0548836647337018	   0.462830921339375
                   1	  0.0569825349535549	   0.450756385154472
                   1	  0.0565029572164087	   0.455376805498545
                   1	   0.056214922367385	   0.453010286919796
                   1	  0.0553177015349415	   0.471052863359988
                   1	  0.0554517194106238	   0.465240230011971
                   1	  0.0546328554881166	   0.461265131239147
                   1	  0.0556281255370739	    0.47177040653829
                   1	  0.0557269346984916	    0.46268939174463
                   1	  0.0579735587508593	    0.43674425796908
                   1	  0.0580972485043764	    0.44002386484677
                   1	  0.0567361891269939	   0.456583438256493
                   1	  0.0552681249768652	   0.466134608666213
                   1	    0.05593893962269	   0.455128442941883
                   1	  0.0552481510434479	   0.465368428981451
                   1	  0.0554444385334217	   0.467275721154848
                   1	  0.0574653588771261	   0.446453776467274
                   1	  0.0559767562882264	   0.452154434132008
                   1	  0.0556753448696638	   0.459094736283856
                   1	  0.0567603638421349	   0.458357356391531
                   1	  0.0549320541554445	   0.465403350898459
                   1	  0.0564897855702513	   0.456509614300788
                   1	  0.0557064426062196	   0.461127427711544
                   1	   0.056895545341837	   0.450715798681659
                   1	  0.0566607682206075	   0.461276722136751
                   1	  0.0558274585941012	   0.459906802186782
                   1	  0.0570417898284882	   0.449438035368831
                   1	  0.0544473679670021	    0.46971497534881
                   1	  0.0555759304389195	   0.463521107767234
                   1	  0.0549670336626372	   0.458946451430106
                   1	  0.0569737709101052	   0.449390656966022
                   1	  0.0541389525718107	   0.482697326641839
                   1	  0.0562829186659044	   0.453961076614032
                   1	  0.0552860460833124	    0.46297780350817
                   1	  0.0573698691716664	   0.449088787628955
                   1	  0.0566625095275676	    0.45957721289551
                   1	  0.0549035615861501	    0.47436508112311
                   1	  0.0550812222012567	   0.462918827499655
                   1	  0.0560881186626221	   0.454547683051361
                   1	  0.0572541195766211	    0.45142176330759
                   1	  0.0556291692615574	   0.465505187542618
                   1	  0.0562208473564463	   0.459419332217425
                   1	  0.0557836523362058	   0.472650542639584
                   1	  0.0562729171422244	   0.452526763498377
                   1	  0.0547265179610323	   0.462613705925603
                   1	  0.0562585112227565	   0.457244540511141
                   1	  0.0554733624711516	    0.46108179189815
                   1	  0.0552843193035276	   0.461337891081092
                   1	  0.0559972449315066	   0.451911035198741
                   1	   0.055212933281134	   0.466032407603432
                   1	  0.0563567044375016	   0.465247822190262
                   1	  0.0548342733633291	   0.458272298437663
                   1	  0.0556030240659119	   0.461092623387837
                   1	  0.0556140118838085	   0.454093226783694
                   1	  0.0546930312558398	   0.466506357142494
                   1	  0.0539713156702232	    0.47623325201379
                   1	  0.0548120923429074	   0.460941343414667
                   1	  0.0541526738341869	   0.470939812239876
                   1	  0.0554590769702648	   0.466043574681002
                   1	  0.0550284049159582	   0.461242243007002
                   1	  0.0568855287712232	   0.453474480763221
                   1	  0.0562853064896136	   0.463108596787812
                   1	  0.0561202637061059	   0.457884335991038
                   1	  0.0564998293299805	    0.45327995451516
                   1	  0.0559572113614275	   0.455262579883915
                   1	  0.0570036125181841	   0.445333019142272
                   1	  0.0557041712189757	   0.465188307453229
                   1	  0.0562694349504094	   0.458056870443221
                   1	  0.0563497575251444	   0.451088091975824
                   1	  0.0544984534937462	   0.471323752633022
                   1	  0.0555889469953185	   0.458017252923463
                   1	  0.0554518283882376	   0.456543264878937
                   1	  0.0549251464969032	   0.470141989499764
                   1	  0.0565368797690388	    0.45469415445999
                   1	  0.0544095283112362	   0.471833594646064
                   1	  0.0547555578033485	   0.469166547612535
                   1	  0.0563576688813188	   0.462630117883814
                   1	  0.0570098158715356	   0.454227449967242
                   1	  0.0567672305301329	    0.44592907819963
                   1	  0.0556568186735429	    0.46762610010113
                   1	  0.0557473725474841	   0.456689897234939
                   1	  0.0559238001942577	   0.455930251231006
                   1	  0.0547179844957439	   0.464757018673932
                   1	  0.0568534519641469	   0.448958711459964
                   1	  0.0539712400165334	   0.469073242948911
                   1	  0.0548352813800365	   0.456855012976122
                   1	  0.0559281622160198	   0.450564163888544
                   1	  0.0540942572482576	   0.470405891745674
                   1	  0.0554349613960856	   0.462884124073089
                   1	  0.0557927815601757	   0.460196853785523
                   1	  0.0578161303897377	   0.437494407291179
                   1	  0.0541704004198761	   0.476817301116836
                   1	  0.0569227312704101	   0.449147179513064
                   1	  0.0559161770421272	   0.464222474718908
                   1	  0.0564528888181212	   0.461240845138325
                   1	  0.0560981905404945	   0.460997462336782
                   1	  0.0558592327289073	   0.457205034019501
                   1	  0.0573210100985827	   0.449114928518435
                   1	  0.0565545334102771	   0.448245258185388
                   1	  0.0570936581122509	   0.454576819105961
                   1	  0.0556250840727179	   0.451971731898101
                   1	  0.0553872247521913	   0.461374860857857
                   1	   0.056255173134851	   0.458360890442905
                   1	  0.0555502958773357	   0.461515043326041
                   1	  0.0551219491307966	   0.455898646702538
                   1	  0.0564915382570245	   0.455483174529174
                   1	  0.0551228895291881	    0.46441221178432
                   1	  0.0566395416626606	   0.453453968219809
                   1	   0.055726557395645	   0.454323864912334
                   1	  0.0583690407100262	   0.433991022444903
                   1	  0.0553387912969958	   0.465805321248379
                   1	   0.056310860923697	   0.459069998387663
                   1	  0.0576684004848685	   0.445461284835236
                   1	  0.0544421718529469	   0.463728423569749
                   1	  0.0550963415748068	    0.46553251559038
                   1	  0.0565342257416405	   0.453960686392915
                   1	   0.056884477751746	   0.446076087559145
                   1	  0.0560796504756857	    0.45041719830685
                   1	   0.055791117845403	   0.454303348381006
                   1	  0.0560836797195212	   0.440967864521377
                   1	  0.0552659154993972	   0.463892761462358
                   1	  0.0539003050374593	   0.475077825947148
                   1	  0.0560271018976023	   0.464612198516717
                   1	   0.057912077480867	   0.438562480327977
                   1	  0.0550359536446343	   0.466024257356686
                   1	   0.055235455545728	    0.46474339323206
                   1	  0.0542980043230696	    0.46700887075567
                   1	   0.055096313418992	   0.459098863266319
                   1	  0.0560417800030664	   0.453032637701616
                   1	  0.0562862031612855	   0.452068814151326
                   1	  0.0566832132256975	   0.444479798913967
                   1	  0.0567227877882903	   0.441630962205068
                   1	  0.0563905070528245	   0.466808214601647
                   1	  0.0561854672450152	   0.451468505097041
                   1	  0.0558794174278066	   0.462102366841943
                   1	  0.0565364953448312	   0.451320301906963
                   1	  0.0557825055451993	   0.464151623048433
                   1	   0.055399047337306	   0.461090834226085
                   1	  0.0568235284368786	   0.447334166449919
                   1	  0.0563432180525822	   0.456218155626945
                   1	  0.0554149257566136	   0.462309354664428
                   1	  0.0562305541752086	   0.452785212428634
                   1	  0.0544269377670717	   0.465605637384904
                   1	  0.0557603921339977	   0.457727261337148
                   1	  0.0555410792635072	   0.456385613868608
                   1	  0.0557660459965415	   0.455964608576213
                   1	  0.0547579829445278	   0.466739925332483
                   1	  0.0551968573846776	   0.470977960373933
                   1	  0.0564193336584358	   0.460751267968847
                   1	  0.0547567740367656	   0.465852693181965
                   1	  0.0554312861128057	   0.461952072692222
                   1	  0.0563356598977719	   0.452470116975487
                   1	  0.0565628384052256	   0.453977137364554
                   1	  0.0554106156764141	   0.457236315306984
                   1	  0.0547675650088827	    0.46713582050023
                   1	  0.0557536875302559	   0.458659926760008
                   1	  0.0563083081199458	   0.457870380091516
                   1	  0.0555887374095489	   0.465020303728486
                   1	  0.0548500276755713	   0.458959950586137
                   1	  0.0546946258260739	   0.459016328482146
                   1	  0.0555241936130714	   0.464402477475214
                   1	  0.0544586562741266	   0.467535865037551
                   1	  0.0559578892003778	   0.459658831575448
                   1	  0.0559532337324467	   0.458698925957586
                   1	  0.0534763205490497	   0.474342380541144
                   1	  0.0548707872067262	   0.462305923958718
                   1	  0.0549592999545793	   0.466926513008457
                   1	  0.0567161285542847	   0.453745446811703
                   1	  0.0553919203949875	   0.461383383857883
                   1	  0.0555978260730088	    0.45642375986097
                   1	  0.0564392811676944	   0.460964452025045
                   1	  0.0550393324006975	   0.466596426772522
                   1	  0.0537387333233256	   0.466863231355431
                   1	  0.0562598496540079	   0.449912564003152
                   1	  0.0547875274939925	   0.472324364942111
                   1	  0.0555726197845173	   0.467481438234341
                   1	  0.0547455850237749	   0.458867192402036
                   1	  0.0554309292372457	   0.459084268855451
                   1	  0.0551219230499901	   0.465057163814846
                   1	  0.0550815043459952	   0.462080130791434
                   1	  0.0560428244871197	   0.460228366076875
                   1	  0.0546925794627447	   0.474607961923601
                   1	  0.0566914423443568	   0.454339161583704
                   1	  0.0558110725426463	   0.460608901036503
                   1	  0.0557864486683679	   0.458735714201037
                   1	  0.0556191442178681	   0.458544974824297
                   1	  0.0553774525614412	   0.464566412793649
                   1	  0.0556804545206644	   0.459568598423976
                   1	  0.0557399698819908	   0.459313858696251
                   1	  0.0559394141625509	   0.459272062966936
                   1	  0.0559493163304764	   0.454598672799036
                   1	  0.0535676773984701	   0.484692171388988
                   1	  0.0558488890733193	   0.456713069836549
                   1	  0.0576642270360259	   0.445440927407844
                   1	   0.054179332724602	   0.472587937132354
                   1	  0.0568559269627477	   0.441211265890611
                   1	  0.0545875201528075	   0.466125523728993
                   1	  0.0569036730941328	    0.44889454567928
                   1	  0.0551189610052128	   0.465950963500414
                   1	  0.0551483494598395	   0.470793317043901
                   1	  0.0566302402991159	   0.457758646627756
                   1	  0.0548603995309909	   0.464475820152351
                   1	  0.0561248705625908	   0.457043565707876
                   1	  0.0540560926813256	   0.465398605037031
                   1	  0.0562249387307051	   0.458350388695218
                   1	  0.0562456113755286	   0.456378091084724
                   1	  0.0551594522711382	   0.468393233949722
                   1	  0.0566880151552439	   0.448507726171679
                   1	  0.0552547071456557	   0.457815361583243
                   1	  0.0566562300778847	   0.453041294420572
                   1	  0.0557853308038154	   0.465717273222136
                   1	  0.0546219120456485	   0.471041682511822
                   1	  0.0561965308858278	    0.45434967318194
                   1	  0.0564025662331476	   0.460141862284534
                   1	  0.0564017825362611	   0.455228528823212
                   1	   0.056003733013709	   0.459617062299578
                   1	  0.0543122702506746	   0.479147078376426
                   1	  0.0545411233217866	   0.463001907388561
                   1	  0.0557081395485559	   0.461734295212837
                   1	  0.0560343028785836	   0.472842923158688
                   1	  0.0556260468105184	   0.464698072030426
                   1	  0.0564630830782583	   0.458211343733676
                   1	   0.056643442759955	   0.461358357883688
                   1	   0.055621909347562	    0.45420174320637
                   1	  0.0564376734377176	   0.461390850630556
                   1	  0.0560381004367406	   0.461915707288657
                   1	   0.057355058491045	   0.438933969212095
                   1	  0.0553677186931117	   0.461008545750184
                   1	  0.0560215134929357	   0.459308674486843
                   1	   0.057310630664255	   0.449815178133507
                   1	  0.0569531445457036	   0.458133244045548
                   1	  0.0550482818714278	   0.463116242760753
                   1	  0.0570115461323563	   0.443556075297135
                   1	  0.0550691438351314	   0.472158659205938
                   1	  0.0535994145287348	   0.476537460955654
                   1	  0.0545970164657207	   0.467797096212435
                   1	   0.055884280944886	   0.457655633183173
                   1	   0.056282994177945	    0.45505643647085
                   1	  0.0555501695698815	   0.461221882931064
                   1	  0.0553407767642366	   0.458028901255354
                   1	   0.056850815714471	   0.451837472947923
                   1	  0.0558140176444855	   0.458965433272181
                   1	  0.0566735787125898	   0.447060203863511
                   1	  0.0562274156949321	    0.45279095243236
                   1	    0.05524068709331	   0.457229894988135
                   1	   0.055978300673079	   0.459748243664015
                   1	  0.0566748551128619	   0.452612410802002
                   1	  0.0543937686799263	   0.472881379642079
                   1	    0.05612000476966	   0.454537583097108
                   1	  0.0543060030824992	   0.466718674613232
                   1	   0.053920405556837	    0.47172683620456
                   1	  0.0559629787610431	   0.451231755465024
                   1	  0.0542578231975854	   0.467407927593192
                   1	  0.0576800268962758	   0.431517340292243
                   1	  0.0558435281252401	   0.461734435447753
                   1	  0.0569910151790172	   0.457326050796532
                   1	  0.0563270889014181	   0.449320902053594
                   1	  0.0555602335996681	   0.461323401405317
                   1	  0.0556822470187509	   0.467953622596556
                   1	  0.0564282929907152	   0.460160252689418
                   1	  0.0548053039942905	   0.467270091610132
                   1	  0.0558433817452849	   0.464290457631215
                   1	  0.0558857919452861	   0.455959666829834
                   1	  0.0542199697177795	   0.467056501787564
                   1	  0.0564470031499711	   0.450650906229484
                   1	  0.0542186674662946	   0.474177107972988
                   1	  0.0555876363004241	   0.459686843635232
                   1	  0.0555062804954441	   0.466488143800324
                   1	  0.0550483195635705	   0.475402934502408
                   1	  0.0545929002011857	   0.463085189996155
                   1	  0.0550771983162258	   0.468677912910228
                   1	  0.0566396049760323	   0.457071771185711
                   1	  0.0559419117528341	   0.456485733462426
                   1	  0.0543430044846654	   0.476834593400149
                   1	  0.0543620627498058	   0.473124307779978
                   1	  0.0560673915785419	   0.458113618584676
                   1	  0.0558295902291497	   0.450500533599522
                   1	  0.0558215821750777	    0.46828821056557
                   1	  0.0548676106296914	   0.464274214749819
                   1	  0.0547000975054811	   0.471639067169895
                   1	  0.0551859290820623	   0.468965226610954
                   1	   0.055418089894322	     0.4634857484716
                   1	  0.0570281215112643	   0.441825110115896
                   1	  0.0551023858937384	   0.463790244636452
                   1	  0.0535790742268561	   0.475019053835777
                   1	  0.0548555748874729	   0.472940396532294
                   1	  0.0560063404844948	    0.45715772309224
                   1	  0.0553124626684261	   0.451605385225754
                   1	  0.0557426799288955	   0.460659823862492
                   1	  0.0567759790872669	   0.445366013462064
                   1	  0.0567369450537155	   0.454457926477405
                   1	  0.0557644503404963	   0.463080393092238
                   1	   0.055835416590773	   0.458858643006137
                   1	  0.0552754296514926	   0.468024880150122
                   1	  0.0564906533246192	   0.449955212895255
                   1	  0.0562850184510058	   0.457750870502183
                   1	   0.054793134321474	   0.466813444903401
                   1	  0.0569759099717054	   0.452732780042342
                   1	  0.0557445484921456	   0.448917534146095
                   1	  0.0538131678249854	   0.481324142411055
                   1	  0.0567294584983705	   0.450780291402501
                   1	  0.0556288415134396	   0.461271189848791
                   1	  0.0552748936322538	   0.465455801190556
