ri 	 ro 	 rad 	 gr_count 	 tot_part 	 samples 	 nHomo 	 rho
0	0.01	0.005	0	1000	4499	1
0.01	0.02	0.015	0	1000	4499	1
0.02	0.03	0.025	0	1000	4499	1
0.03	0.04	0.035	0	1000	4499	1
0.04	0.05	0.045	0	1000	4499	1
0.05	0.06	0.055	0	1000	4499	1
0.06	0.07	0.065	0	1000	4499	1
0.07	0.08	0.075	0	1000	4499	1
0.08	0.09	0.085	0	1000	4499	1
0.09	0.1	0.095	0	1000	4499	1
0.1	0.11	0.105	0	1000	4499	1
0.11	0.12	0.115	0	1000	4499	1
0.12	0.13	0.125	0	1000	4499	1
0.13	0.14	0.135	0	1000	4499	1
0.14	0.15	0.145	0	1000	4499	1
0.15	0.16	0.155	0	1000	4499	1
0.16	0.17	0.165	0	1000	4499	1
0.17	0.18	0.175	0	1000	4499	1
0.18	0.19	0.185	0	1000	4499	1
0.19	0.2	0.195	0	1000	4499	1
0.2	0.21	0.205	0	1000	4499	1
0.21	0.22	0.215	0	1000	4499	1
0.22	0.23	0.225	0	1000	4499	1
0.23	0.24	0.235	0	1000	4499	1
0.24	0.25	0.245	0	1000	4499	1
0.25	0.26	0.255	0	1000	4499	1
0.26	0.27	0.265	0	1000	4499	1
0.27	0.28	0.275	0	1000	4499	1
0.28	0.29	0.285	0	1000	4499	1
0.29	0.3	0.295	0	1000	4499	1
0.3	0.31	0.305	0	1000	4499	1
0.31	0.32	0.315	0	1000	4499	1
0.32	0.33	0.325	0	1000	4499	1
0.33	0.34	0.335	0	1000	4499	1
0.34	0.35	0.345	0	1000	4499	1
0.35	0.36	0.355	0	1000	4499	1
0.36	0.37	0.365	0	1000	4499	1
0.37	0.38	0.375	0	1000	4499	1
0.38	0.39	0.385	0	1000	4499	1
0.39	0.4	0.395	0	1000	4499	1
0.4	0.41	0.405	0	1000	4499	1
0.41	0.42	0.415	0	1000	4499	1
0.42	0.43	0.425	0	1000	4499	1
0.43	0.44	0.435	0	1000	4499	1
0.44	0.45	0.445	0	1000	4499	1
0.45	0.46	0.455	0	1000	4499	1
0.46	0.47	0.465	0	1000	4499	1
0.47	0.48	0.475	0	1000	4499	1
0.48	0.49	0.485	0	1000	4499	1
0.49	0.5	0.495	0	1000	4499	1
0.5	0.51	0.505	0	1000	4499	1
0.51	0.52	0.515	0	1000	4499	1
0.52	0.53	0.525	0	1000	4499	1
0.53	0.54	0.535	0	1000	4499	1
0.54	0.55	0.545	0	1000	4499	1
0.55	0.56	0.555	0	1000	4499	1
0.56	0.57	0.565	0	1000	4499	1
0.57	0.58	0.575	0	1000	4499	1
0.58	0.59	0.585	0	1000	4499	1
0.59	0.6	0.595	0	1000	4499	1
0.6	0.61	0.605	0	1000	4499	1
0.61	0.62	0.615	0	1000	4499	1
0.62	0.63	0.625	0	1000	4499	1
0.63	0.64	0.635	0	1000	4499	1
0.64	0.65	0.645	0	1000	4499	1
0.65	0.66	0.655	0	1000	4499	1
0.66	0.67	0.665	0	1000	4499	1
0.67	0.68	0.675	0	1000	4499	1
0.68	0.69	0.685	0	1000	4499	1
0.69	0.7	0.695	0	1000	4499	1
0.7	0.71	0.705	0	1000	4499	1
0.71	0.72	0.715	0	1000	4499	1
0.72	0.73	0.725	0	1000	4499	1
0.73	0.74	0.735	2	1000	4499	1
0.74	0.75	0.745	4	1000	4499	1
0.75	0.76	0.755	4	1000	4499	1
0.76	0.77	0.765	12	1000	4499	1
0.77	0.78	0.775	40	1000	4499	1
0.78	0.79	0.785	120	1000	4499	1
0.79	0.8	0.795	360	1000	4499	1
0.8	0.81	0.805	766	1000	4499	1
0.81	0.82	0.815	1710	1000	4499	1
0.82	0.83	0.825	3706	1000	4499	1
0.83	0.84	0.835	7780	1000	4499	1
0.84	0.85	0.845	14842	1000	4499	1
0.85	0.86	0.855	28210	1000	4499	1
0.86	0.87	0.865	48958	1000	4499	1
0.87	0.88	0.875	84196	1000	4499	1
0.88	0.89	0.885	138746	1000	4499	1
0.89	0.9	0.895	215476	1000	4499	1
0.9	0.91	0.905	322874	1000	4499	1
0.91	0.92	0.915	459286	1000	4499	1
0.92	0.93	0.925	630174	1000	4499	1
0.93	0.94	0.935	822196	1000	4499	1
0.94	0.95	0.945	1.02738e+06	1000	4499	1
0.95	0.96	0.955	1.22935e+06	1000	4499	1
0.96	0.97	0.965	1.40607e+06	1000	4499	1
0.97	0.98	0.975	1.54327e+06	1000	4499	1
0.98	0.99	0.985	1.62212e+06	1000	4499	1
0.99	1	0.995	1.62838e+06	1000	4499	1
1	1.01	1.005	1.58073e+06	1000	4499	1
1.01	1.02	1.015	1.5213e+06	1000	4499	1
1.02	1.03	1.025	1.46451e+06	1000	4499	1
1.03	1.04	1.035	1.41224e+06	1000	4499	1
1.04	1.05	1.045	1.3601e+06	1000	4499	1
1.05	1.06	1.055	1.31312e+06	1000	4499	1
1.06	1.07	1.065	1.26954e+06	1000	4499	1
1.07	1.08	1.075	1.22928e+06	1000	4499	1
1.08	1.09	1.085	1.1924e+06	1000	4499	1
1.09	1.1	1.095	1.15473e+06	1000	4499	1
1.1	1.11	1.105	1.1213e+06	1000	4499	1
1.11	1.12	1.115	1.09132e+06	1000	4499	1
1.12	1.13	1.125	1.0641e+06	1000	4499	1
1.13	1.14	1.135	1.03351e+06	1000	4499	1
1.14	1.15	1.145	1.00955e+06	1000	4499	1
1.15	1.16	1.155	982726	1000	4499	1
1.16	1.17	1.165	961898	1000	4499	1
1.17	1.18	1.175	942974	1000	4499	1
1.18	1.19	1.185	923602	1000	4499	1
1.19	1.2	1.195	907384	1000	4499	1
1.2	1.21	1.205	890330	1000	4499	1
1.21	1.22	1.215	872450	1000	4499	1
1.22	1.23	1.225	859372	1000	4499	1
1.23	1.24	1.235	847864	1000	4499	1
1.24	1.25	1.245	836180	1000	4499	1
1.25	1.26	1.255	826956	1000	4499	1
1.26	1.27	1.265	818622	1000	4499	1
1.27	1.28	1.275	809112	1000	4499	1
1.28	1.29	1.285	801936	1000	4499	1
1.29	1.3	1.295	794756	1000	4499	1
1.3	1.31	1.305	789898	1000	4499	1
1.31	1.32	1.315	785648	1000	4499	1
1.32	1.33	1.325	782606	1000	4499	1
1.33	1.34	1.335	780180	1000	4499	1
1.34	1.35	1.345	781364	1000	4499	1
1.35	1.36	1.355	780040	1000	4499	1
1.36	1.37	1.365	780652	1000	4499	1
1.37	1.38	1.375	784956	1000	4499	1
1.38	1.39	1.385	786868	1000	4499	1
1.39	1.4	1.395	790868	1000	4499	1
1.4	1.41	1.405	797228	1000	4499	1
1.41	1.42	1.415	800324	1000	4499	1
1.42	1.43	1.425	809054	1000	4499	1
1.43	1.44	1.435	815852	1000	4499	1
1.44	1.45	1.445	825182	1000	4499	1
1.45	1.46	1.455	836542	1000	4499	1
1.46	1.47	1.465	851766	1000	4499	1
1.47	1.48	1.475	862862	1000	4499	1
1.48	1.49	1.485	875540	1000	4499	1
1.49	1.5	1.495	889398	1000	4499	1
1.5	1.51	1.505	907122	1000	4499	1
1.51	1.52	1.515	924590	1000	4499	1
1.52	1.53	1.525	947308	1000	4499	1
1.53	1.54	1.535	966552	1000	4499	1
1.54	1.55	1.545	991140	1000	4499	1
1.55	1.56	1.555	1.01348e+06	1000	4499	1
1.56	1.57	1.565	1.03928e+06	1000	4499	1
1.57	1.58	1.575	1.06412e+06	1000	4499	1
1.58	1.59	1.585	1.09538e+06	1000	4499	1
1.59	1.6	1.595	1.12261e+06	1000	4499	1
1.6	1.61	1.605	1.15231e+06	1000	4499	1
1.61	1.62	1.615	1.18878e+06	1000	4499	1
1.62	1.63	1.625	1.22338e+06	1000	4499	1
1.63	1.64	1.635	1.26099e+06	1000	4499	1
1.64	1.65	1.645	1.295e+06	1000	4499	1
1.65	1.66	1.655	1.33743e+06	1000	4499	1
1.66	1.67	1.665	1.37547e+06	1000	4499	1
1.67	1.68	1.675	1.41991e+06	1000	4499	1
1.68	1.69	1.685	1.46173e+06	1000	4499	1
1.69	1.7	1.695	1.50743e+06	1000	4499	1
1.7	1.71	1.705	1.55196e+06	1000	4499	1
1.71	1.72	1.715	1.59643e+06	1000	4499	1
1.72	1.73	1.725	1.64308e+06	1000	4499	1
1.73	1.74	1.735	1.68903e+06	1000	4499	1
1.74	1.75	1.745	1.73472e+06	1000	4499	1
1.75	1.76	1.755	1.78436e+06	1000	4499	1
1.76	1.77	1.765	1.83103e+06	1000	4499	1
1.77	1.78	1.775	1.88301e+06	1000	4499	1
1.78	1.79	1.785	1.92965e+06	1000	4499	1
1.79	1.8	1.795	1.98211e+06	1000	4499	1
1.8	1.81	1.805	2.03391e+06	1000	4499	1
1.81	1.82	1.815	2.08647e+06	1000	4499	1
1.82	1.83	1.825	2.13105e+06	1000	4499	1
1.83	1.84	1.835	2.17601e+06	1000	4499	1
1.84	1.85	1.845	2.22838e+06	1000	4499	1
1.85	1.86	1.855	2.27418e+06	1000	4499	1
1.86	1.87	1.865	2.32037e+06	1000	4499	1
1.87	1.88	1.875	2.36244e+06	1000	4499	1
1.88	1.89	1.885	2.39965e+06	1000	4499	1
1.89	1.9	1.895	2.43893e+06	1000	4499	1
1.9	1.91	1.905	2.47509e+06	1000	4499	1
1.91	1.92	1.915	2.51026e+06	1000	4499	1
1.92	1.93	1.925	2.53863e+06	1000	4499	1
1.93	1.94	1.935	2.55673e+06	1000	4499	1
1.94	1.95	1.945	2.57559e+06	1000	4499	1
1.95	1.96	1.955	2.59977e+06	1000	4499	1
1.96	1.97	1.965	2.60703e+06	1000	4499	1
1.97	1.98	1.975	2.62101e+06	1000	4499	1
1.98	1.99	1.985	2.63093e+06	1000	4499	1
1.99	2	1.995	2.63809e+06	1000	4499	1
2	2.01	2.005	2.63877e+06	1000	4499	1
2.01	2.02	2.015	2.64221e+06	1000	4499	1
2.02	2.03	2.025	2.64153e+06	1000	4499	1
2.03	2.04	2.035	2.63743e+06	1000	4499	1
2.04	2.05	2.045	2.63616e+06	1000	4499	1
2.05	2.06	2.055	2.63678e+06	1000	4499	1
2.06	2.07	2.065	2.62989e+06	1000	4499	1
2.07	2.08	2.075	2.63023e+06	1000	4499	1
2.08	2.09	2.085	2.62626e+06	1000	4499	1
2.09	2.1	2.095	2.62864e+06	1000	4499	1
2.1	2.11	2.105	2.62295e+06	1000	4499	1
2.11	2.12	2.115	2.62296e+06	1000	4499	1
2.12	2.13	2.125	2.61864e+06	1000	4499	1
2.13	2.14	2.135	2.62005e+06	1000	4499	1
2.14	2.15	2.145	2.61976e+06	1000	4499	1
2.15	2.16	2.155	2.61533e+06	1000	4499	1
2.16	2.17	2.165	2.61784e+06	1000	4499	1
2.17	2.18	2.175	2.61702e+06	1000	4499	1
2.18	2.19	2.185	2.62276e+06	1000	4499	1
2.19	2.2	2.195	2.6221e+06	1000	4499	1
2.2	2.21	2.205	2.63118e+06	1000	4499	1
2.21	2.22	2.215	2.63452e+06	1000	4499	1
2.22	2.23	2.225	2.64082e+06	1000	4499	1
2.23	2.24	2.235	2.64804e+06	1000	4499	1
2.24	2.25	2.245	2.65201e+06	1000	4499	1
2.25	2.26	2.255	2.66493e+06	1000	4499	1
2.26	2.27	2.265	2.6762e+06	1000	4499	1
2.27	2.28	2.275	2.68718e+06	1000	4499	1
2.28	2.29	2.285	2.70175e+06	1000	4499	1
2.29	2.3	2.295	2.71617e+06	1000	4499	1
2.3	2.31	2.305	2.73234e+06	1000	4499	1
2.31	2.32	2.315	2.75117e+06	1000	4499	1
2.32	2.33	2.325	2.7713e+06	1000	4499	1
2.33	2.34	2.335	2.78894e+06	1000	4499	1
2.34	2.35	2.345	2.81174e+06	1000	4499	1
2.35	2.36	2.355	2.83426e+06	1000	4499	1
2.36	2.37	2.365	2.86062e+06	1000	4499	1
2.37	2.38	2.375	2.89288e+06	1000	4499	1
2.38	2.39	2.385	2.92064e+06	1000	4499	1
2.39	2.4	2.395	2.94314e+06	1000	4499	1
2.4	2.41	2.405	2.97835e+06	1000	4499	1
2.41	2.42	2.415	3.00889e+06	1000	4499	1
2.42	2.43	2.425	3.04503e+06	1000	4499	1
2.43	2.44	2.435	3.07732e+06	1000	4499	1
2.44	2.45	2.445	3.11282e+06	1000	4499	1
2.45	2.46	2.455	3.15318e+06	1000	4499	1
2.46	2.47	2.465	3.18719e+06	1000	4499	1
2.47	2.48	2.475	3.23464e+06	1000	4499	1
2.48	2.49	2.485	3.27487e+06	1000	4499	1
2.49	2.5	2.495	3.31288e+06	1000	4499	1
2.5	2.51	2.505	3.35783e+06	1000	4499	1
2.51	2.52	2.515	3.40464e+06	1000	4499	1
2.52	2.53	2.525	3.45136e+06	1000	4499	1
2.53	2.54	2.535	3.49654e+06	1000	4499	1
2.54	2.55	2.545	3.5398e+06	1000	4499	1
2.55	2.56	2.555	3.58647e+06	1000	4499	1
2.56	2.57	2.565	3.64065e+06	1000	4499	1
2.57	2.58	2.575	3.68676e+06	1000	4499	1
2.58	2.59	2.585	3.72974e+06	1000	4499	1
2.59	2.6	2.595	3.78357e+06	1000	4499	1
2.6	2.61	2.605	3.8317e+06	1000	4499	1
2.61	2.62	2.615	3.88172e+06	1000	4499	1
2.62	2.63	2.625	3.93202e+06	1000	4499	1
2.63	2.64	2.635	3.97319e+06	1000	4499	1
2.64	2.65	2.645	4.0226e+06	1000	4499	1
2.65	2.66	2.655	4.06711e+06	1000	4499	1
2.66	2.67	2.665	4.11663e+06	1000	4499	1
2.67	2.68	2.675	4.16324e+06	1000	4499	1
2.68	2.69	2.685	4.21129e+06	1000	4499	1
2.69	2.7	2.695	4.25638e+06	1000	4499	1
2.7	2.71	2.705	4.30075e+06	1000	4499	1
2.71	2.72	2.715	4.33989e+06	1000	4499	1
2.72	2.73	2.725	4.3879e+06	1000	4499	1
2.73	2.74	2.735	4.42826e+06	1000	4499	1
2.74	2.75	2.745	4.47221e+06	1000	4499	1
2.75	2.76	2.755	4.51324e+06	1000	4499	1
2.76	2.77	2.765	4.55722e+06	1000	4499	1
2.77	2.78	2.775	4.58544e+06	1000	4499	1
2.78	2.79	2.785	4.62752e+06	1000	4499	1
2.79	2.8	2.795	4.6634e+06	1000	4499	1
2.8	2.81	2.805	4.6921e+06	1000	4499	1
2.81	2.82	2.815	4.72675e+06	1000	4499	1
2.82	2.83	2.825	4.75342e+06	1000	4499	1
2.83	2.84	2.835	4.7915e+06	1000	4499	1
2.84	2.85	2.845	4.81743e+06	1000	4499	1
2.85	2.86	2.855	4.84826e+06	1000	4499	1
2.86	2.87	2.865	4.87559e+06	1000	4499	1
2.87	2.88	2.875	4.89839e+06	1000	4499	1
2.88	2.89	2.885	4.92778e+06	1000	4499	1
2.89	2.9	2.895	4.94707e+06	1000	4499	1
2.9	2.91	2.905	4.97061e+06	1000	4499	1
2.91	2.92	2.915	4.99871e+06	1000	4499	1
2.92	2.93	2.925	5.01197e+06	1000	4499	1
2.93	2.94	2.935	5.04133e+06	1000	4499	1
2.94	2.95	2.945	5.05388e+06	1000	4499	1
2.95	2.96	2.955	5.0735e+06	1000	4499	1
2.96	2.97	2.965	5.09687e+06	1000	4499	1
2.97	2.98	2.975	5.11337e+06	1000	4499	1
2.98	2.99	2.985	5.12313e+06	1000	4499	1
2.99	3	2.995	5.15049e+06	1000	4499	1
3	3.01	3.005	5.17181e+06	1000	4499	1
3.01	3.02	3.015	5.18803e+06	1000	4499	1
3.02	3.03	3.025	5.20952e+06	1000	4499	1
3.03	3.04	3.035	5.21816e+06	1000	4499	1
3.04	3.05	3.045	5.24696e+06	1000	4499	1
3.05	3.06	3.055	5.26302e+06	1000	4499	1
3.06	3.07	3.065	5.28898e+06	1000	4499	1
3.07	3.08	3.075	5.3088e+06	1000	4499	1
3.08	3.09	3.085	5.32162e+06	1000	4499	1
3.09	3.1	3.095	5.34698e+06	1000	4499	1
3.1	3.11	3.105	5.36669e+06	1000	4499	1
3.11	3.12	3.115	5.39182e+06	1000	4499	1
3.12	3.13	3.125	5.42047e+06	1000	4499	1
3.13	3.14	3.135	5.43938e+06	1000	4499	1
3.14	3.15	3.145	5.4691e+06	1000	4499	1
3.15	3.16	3.155	5.49465e+06	1000	4499	1
3.16	3.17	3.165	5.51938e+06	1000	4499	1
3.17	3.18	3.175	5.53821e+06	1000	4499	1
3.18	3.19	3.185	5.57634e+06	1000	4499	1
3.19	3.2	3.195	5.60713e+06	1000	4499	1
3.2	3.21	3.205	5.63901e+06	1000	4499	1
3.21	3.22	3.215	5.66743e+06	1000	4499	1
3.22	3.23	3.225	5.70749e+06	1000	4499	1
3.23	3.24	3.235	5.72988e+06	1000	4499	1
3.24	3.25	3.245	5.77316e+06	1000	4499	1
3.25	3.26	3.255	5.81005e+06	1000	4499	1
3.26	3.27	3.265	5.84367e+06	1000	4499	1
3.27	3.28	3.275	5.87952e+06	1000	4499	1
3.28	3.29	3.285	5.92301e+06	1000	4499	1
3.29	3.3	3.295	5.96155e+06	1000	4499	1
3.3	3.31	3.305	5.99797e+06	1000	4499	1
3.31	3.32	3.315	6.04571e+06	1000	4499	1
3.32	3.33	3.325	6.08303e+06	1000	4499	1
3.33	3.34	3.335	6.13225e+06	1000	4499	1
3.34	3.35	3.345	6.17917e+06	1000	4499	1
3.35	3.36	3.355	6.22122e+06	1000	4499	1
3.36	3.37	3.365	6.26302e+06	1000	4499	1
3.37	3.38	3.375	6.30703e+06	1000	4499	1
3.38	3.39	3.385	6.35431e+06	1000	4499	1
3.39	3.4	3.395	6.39944e+06	1000	4499	1
3.4	3.41	3.405	6.45259e+06	1000	4499	1
3.41	3.42	3.415	6.50898e+06	1000	4499	1
3.42	3.43	3.425	6.55881e+06	1000	4499	1
3.43	3.44	3.435	6.6067e+06	1000	4499	1
3.44	3.45	3.445	6.65585e+06	1000	4499	1
3.45	3.46	3.455	6.7082e+06	1000	4499	1
3.46	3.47	3.465	6.7597e+06	1000	4499	1
3.47	3.48	3.475	6.81364e+06	1000	4499	1
3.48	3.49	3.485	6.85615e+06	1000	4499	1
3.49	3.5	3.495	6.90865e+06	1000	4499	1
3.5	3.51	3.505	6.95577e+06	1000	4499	1
3.51	3.52	3.515	7.00405e+06	1000	4499	1
3.52	3.53	3.525	7.0598e+06	1000	4499	1
3.53	3.54	3.535	7.10622e+06	1000	4499	1
3.54	3.55	3.545	7.15402e+06	1000	4499	1
3.55	3.56	3.555	7.20767e+06	1000	4499	1
3.56	3.57	3.565	7.25542e+06	1000	4499	1
3.57	3.58	3.575	7.30382e+06	1000	4499	1
3.58	3.59	3.585	7.35417e+06	1000	4499	1
3.59	3.6	3.595	7.40942e+06	1000	4499	1
3.6	3.61	3.605	7.45306e+06	1000	4499	1
3.61	3.62	3.615	7.4971e+06	1000	4499	1
3.62	3.63	3.625	7.54929e+06	1000	4499	1
3.63	3.64	3.635	7.59052e+06	1000	4499	1
3.64	3.65	3.645	7.64089e+06	1000	4499	1
3.65	3.66	3.655	7.69052e+06	1000	4499	1
3.66	3.67	3.665	7.73338e+06	1000	4499	1
3.67	3.68	3.675	7.76874e+06	1000	4499	1
3.68	3.69	3.685	7.81581e+06	1000	4499	1
3.69	3.7	3.695	7.86379e+06	1000	4499	1
3.7	3.71	3.705	7.9001e+06	1000	4499	1
3.71	3.72	3.715	7.93545e+06	1000	4499	1
3.72	3.73	3.725	7.9783e+06	1000	4499	1
3.73	3.74	3.735	8.02107e+06	1000	4499	1
3.74	3.75	3.745	8.05748e+06	1000	4499	1
3.75	3.76	3.755	8.09595e+06	1000	4499	1
3.76	3.77	3.765	8.14357e+06	1000	4499	1
3.77	3.78	3.775	8.17505e+06	1000	4499	1
3.78	3.79	3.785	8.21603e+06	1000	4499	1
3.79	3.8	3.795	8.25644e+06	1000	4499	1
3.8	3.81	3.805	8.28559e+06	1000	4499	1
3.81	3.82	3.815	8.3294e+06	1000	4499	1
3.82	3.83	3.825	8.36677e+06	1000	4499	1
3.83	3.84	3.835	8.39583e+06	1000	4499	1
3.84	3.85	3.845	8.43458e+06	1000	4499	1
3.85	3.86	3.855	8.46419e+06	1000	4499	1
3.86	3.87	3.865	8.50272e+06	1000	4499	1
3.87	3.88	3.875	8.54251e+06	1000	4499	1
3.88	3.89	3.885	8.56619e+06	1000	4499	1
3.89	3.9	3.895	8.61016e+06	1000	4499	1
3.9	3.91	3.905	8.65125e+06	1000	4499	1
3.91	3.92	3.915	8.68759e+06	1000	4499	1
3.92	3.93	3.925	8.71827e+06	1000	4499	1
3.93	3.94	3.935	8.75264e+06	1000	4499	1
3.94	3.95	3.945	8.79308e+06	1000	4499	1
3.95	3.96	3.955	8.83258e+06	1000	4499	1
3.96	3.97	3.965	8.8656e+06	1000	4499	1
3.97	3.98	3.975	8.90709e+06	1000	4499	1
3.98	3.99	3.985	8.94586e+06	1000	4499	1
3.99	4	3.995	8.9778e+06	1000	4499	1
4	4.01	4.005	9.01835e+06	1000	4499	1
4.01	4.02	4.015	9.0549e+06	1000	4499	1
4.02	4.03	4.025	9.09358e+06	1000	4499	1
4.03	4.04	4.035	9.13003e+06	1000	4499	1
4.04	4.05	4.045	9.17601e+06	1000	4499	1
4.05	4.06	4.055	9.20797e+06	1000	4499	1
4.06	4.07	4.065	9.25314e+06	1000	4499	1
4.07	4.08	4.075	9.29891e+06	1000	4499	1
4.08	4.09	4.085	9.33125e+06	1000	4499	1
4.09	4.1	4.095	9.38241e+06	1000	4499	1
4.1	4.11	4.105	9.4232e+06	1000	4499	1
4.11	4.12	4.115	9.47422e+06	1000	4499	1
4.12	4.13	4.125	9.52148e+06	1000	4499	1
4.13	4.14	4.135	9.57282e+06	1000	4499	1
4.14	4.15	4.145	9.61874e+06	1000	4499	1
4.15	4.16	4.155	9.65859e+06	1000	4499	1
4.16	4.17	4.165	9.70975e+06	1000	4499	1
4.17	4.18	4.175	9.74596e+06	1000	4499	1
4.18	4.19	4.185	9.79709e+06	1000	4499	1
4.19	4.2	4.195	9.86002e+06	1000	4499	1
4.2	4.21	4.205	9.9082e+06	1000	4499	1
4.21	4.22	4.215	9.95154e+06	1000	4499	1
4.22	4.23	4.225	1.00064e+07	1000	4499	1
4.23	4.24	4.235	1.00615e+07	1000	4499	1
4.24	4.25	4.245	1.01087e+07	1000	4499	1
4.25	4.26	4.255	1.01607e+07	1000	4499	1
4.26	4.27	4.265	1.02189e+07	1000	4499	1
4.27	4.28	4.275	1.02659e+07	1000	4499	1
4.28	4.29	4.285	1.0321e+07	1000	4499	1
4.29	4.3	4.295	1.03729e+07	1000	4499	1
4.3	4.31	4.305	1.0428e+07	1000	4499	1
4.31	4.32	4.315	1.04913e+07	1000	4499	1
4.32	4.33	4.325	1.05489e+07	1000	4499	1
4.33	4.34	4.335	1.05989e+07	1000	4499	1
4.34	4.35	4.345	1.06527e+07	1000	4499	1
4.35	4.36	4.355	1.07069e+07	1000	4499	1
4.36	4.37	4.365	1.07594e+07	1000	4499	1
4.37	4.38	4.375	1.08166e+07	1000	4499	1
4.38	4.39	4.385	1.08681e+07	1000	4499	1
4.39	4.4	4.395	1.09314e+07	1000	4499	1
4.4	4.41	4.405	1.0986e+07	1000	4499	1
4.41	4.42	4.415	1.10385e+07	1000	4499	1
4.42	4.43	4.425	1.10955e+07	1000	4499	1
4.43	4.44	4.435	1.11449e+07	1000	4499	1
4.44	4.45	4.445	1.12001e+07	1000	4499	1
4.45	4.46	4.455	1.1257e+07	1000	4499	1
4.46	4.47	4.465	1.13185e+07	1000	4499	1
4.47	4.48	4.475	1.137e+07	1000	4499	1
4.48	4.49	4.485	1.14229e+07	1000	4499	1
4.49	4.5	4.495	1.14735e+07	1000	4499	1
4.5	4.51	4.505	1.15275e+07	1000	4499	1
4.51	4.52	4.515	1.1584e+07	1000	4499	1
4.52	4.53	4.525	1.16316e+07	1000	4499	1
4.53	4.54	4.535	1.16947e+07	1000	4499	1
4.54	4.55	4.545	1.17448e+07	1000	4499	1
4.55	4.56	4.555	1.18071e+07	1000	4499	1
4.56	4.57	4.565	1.18562e+07	1000	4499	1
4.57	4.58	4.575	1.1909e+07	1000	4499	1
4.58	4.59	4.585	1.19653e+07	1000	4499	1
4.59	4.6	4.595	1.2006e+07	1000	4499	1
4.6	4.61	4.605	1.20704e+07	1000	4499	1
4.61	4.62	4.615	1.21083e+07	1000	4499	1
4.62	4.63	4.625	1.21699e+07	1000	4499	1
4.63	4.64	4.635	1.22276e+07	1000	4499	1
4.64	4.65	4.645	1.22679e+07	1000	4499	1
4.65	4.66	4.655	1.2327e+07	1000	4499	1
4.66	4.67	4.665	1.2359e+07	1000	4499	1
4.67	4.68	4.675	1.24144e+07	1000	4499	1
4.68	4.69	4.685	1.24733e+07	1000	4499	1
4.69	4.7	4.695	1.25172e+07	1000	4499	1
4.7	4.71	4.705	1.25694e+07	1000	4499	1
4.71	4.72	4.715	1.26176e+07	1000	4499	1
4.72	4.73	4.725	1.26671e+07	1000	4499	1
4.73	4.74	4.735	1.27203e+07	1000	4499	1
4.74	4.75	4.745	1.27623e+07	1000	4499	1
4.75	4.76	4.755	1.28218e+07	1000	4499	1
4.76	4.77	4.765	1.28618e+07	1000	4499	1
4.77	4.78	4.775	1.29184e+07	1000	4499	1
4.78	4.79	4.785	1.29671e+07	1000	4499	1
4.79	4.8	4.795	1.30206e+07	1000	4499	1
4.8	4.81	4.805	1.30677e+07	1000	4499	1
4.81	4.82	4.815	1.31154e+07	1000	4499	1
4.82	4.83	4.825	1.31717e+07	1000	4499	1
4.83	4.84	4.835	1.32168e+07	1000	4499	1
4.84	4.85	4.845	1.32667e+07	1000	4499	1
4.85	4.86	4.855	1.33099e+07	1000	4499	1
4.86	4.87	4.865	1.33528e+07	1000	4499	1
4.87	4.88	4.875	1.34201e+07	1000	4499	1
4.88	4.89	4.885	1.34572e+07	1000	4499	1
4.89	4.9	4.895	1.35201e+07	1000	4499	1
4.9	4.91	4.905	1.35621e+07	1000	4499	1
4.91	4.92	4.915	1.36126e+07	1000	4499	1
4.92	4.93	4.925	1.36705e+07	1000	4499	1
4.93	4.94	4.935	1.37222e+07	1000	4499	1
4.94	4.95	4.945	1.37832e+07	1000	4499	1
4.95	4.96	4.955	1.38282e+07	1000	4499	1
4.96	4.97	4.965	1.38839e+07	1000	4499	1
4.97	4.98	4.975	1.39381e+07	1000	4499	1
4.98	4.99	4.985	1.39899e+07	1000	4499	1
4.99	5	4.995	1.40503e+07	1000	4499	1
