ri 	 ro 	 rad 	 gr_count 	 tot_part 	 samples 	 nHomo 	 rho
0	0.01	0.005	0	1000	1499	1
0.01	0.02	0.015	0	1000	1499	1
0.02	0.03	0.025	2	1000	1499	1
0.03	0.04	0.035	8	1000	1499	1
0.04	0.05	0.045	14	1000	1499	1
0.05	0.06	0.055	28	1000	1499	1
0.06	0.07	0.065	42	1000	1499	1
0.07	0.08	0.075	44	1000	1499	1
0.08	0.09	0.085	66	1000	1499	1
0.09	0.1	0.095	86	1000	1499	1
0.1	0.11	0.105	134	1000	1499	1
0.11	0.12	0.115	152	1000	1499	1
0.12	0.13	0.125	224	1000	1499	1
0.13	0.14	0.135	288	1000	1499	1
0.14	0.15	0.145	350	1000	1499	1
0.15	0.16	0.155	378	1000	1499	1
0.16	0.17	0.165	472	1000	1499	1
0.17	0.18	0.175	570	1000	1499	1
0.18	0.19	0.185	634	1000	1499	1
0.19	0.2	0.195	828	1000	1499	1
0.2	0.21	0.205	1014	1000	1499	1
0.21	0.22	0.215	1166	1000	1499	1
0.22	0.23	0.225	1328	1000	1499	1
0.23	0.24	0.235	1422	1000	1499	1
0.24	0.25	0.245	1650	1000	1499	1
0.25	0.26	0.255	2024	1000	1499	1
0.26	0.27	0.265	2212	1000	1499	1
0.27	0.28	0.275	2604	1000	1499	1
0.28	0.29	0.285	2958	1000	1499	1
0.29	0.3	0.295	3196	1000	1499	1
0.3	0.31	0.305	3918	1000	1499	1
0.31	0.32	0.315	4172	1000	1499	1
0.32	0.33	0.325	4604	1000	1499	1
0.33	0.34	0.335	5124	1000	1499	1
0.34	0.35	0.345	5700	1000	1499	1
0.35	0.36	0.355	6716	1000	1499	1
0.36	0.37	0.365	7230	1000	1499	1
0.37	0.38	0.375	8172	1000	1499	1
0.38	0.39	0.385	8586	1000	1499	1
0.39	0.4	0.395	9692	1000	1499	1
0.4	0.41	0.405	10636	1000	1499	1
0.41	0.42	0.415	11382	1000	1499	1
0.42	0.43	0.425	12538	1000	1499	1
0.43	0.44	0.435	13782	1000	1499	1
0.44	0.45	0.445	14740	1000	1499	1
0.45	0.46	0.455	16352	1000	1499	1
0.46	0.47	0.465	17630	1000	1499	1
0.47	0.48	0.475	19114	1000	1499	1
0.48	0.49	0.485	20734	1000	1499	1
0.49	0.5	0.495	22652	1000	1499	1
0.5	0.51	0.505	23988	1000	1499	1
0.51	0.52	0.515	25396	1000	1499	1
0.52	0.53	0.525	27512	1000	1499	1
0.53	0.54	0.535	29544	1000	1499	1
0.54	0.55	0.545	31890	1000	1499	1
0.55	0.56	0.555	34314	1000	1499	1
0.56	0.57	0.565	36572	1000	1499	1
0.57	0.58	0.575	38048	1000	1499	1
0.58	0.59	0.585	40642	1000	1499	1
0.59	0.6	0.595	42954	1000	1499	1
0.6	0.61	0.605	46262	1000	1499	1
0.61	0.62	0.615	49196	1000	1499	1
0.62	0.63	0.625	52588	1000	1499	1
0.63	0.64	0.635	55950	1000	1499	1
0.64	0.65	0.645	58072	1000	1499	1
0.65	0.66	0.655	61528	1000	1499	1
0.66	0.67	0.665	64282	1000	1499	1
0.67	0.68	0.675	68512	1000	1499	1
0.68	0.69	0.685	70988	1000	1499	1
0.69	0.7	0.695	75160	1000	1499	1
0.7	0.71	0.705	79190	1000	1499	1
0.71	0.72	0.715	82954	1000	1499	1
0.72	0.73	0.725	86056	1000	1499	1
0.73	0.74	0.735	90978	1000	1499	1
0.74	0.75	0.745	93942	1000	1499	1
0.75	0.76	0.755	98086	1000	1499	1
0.76	0.77	0.765	101982	1000	1499	1
0.77	0.78	0.775	106608	1000	1499	1
0.78	0.79	0.785	109640	1000	1499	1
0.79	0.8	0.795	114118	1000	1499	1
0.8	0.81	0.805	119662	1000	1499	1
0.81	0.82	0.815	122770	1000	1499	1
0.82	0.83	0.825	127168	1000	1499	1
0.83	0.84	0.835	131328	1000	1499	1
0.84	0.85	0.845	135418	1000	1499	1
0.85	0.86	0.855	141068	1000	1499	1
0.86	0.87	0.865	144044	1000	1499	1
0.87	0.88	0.875	147854	1000	1499	1
0.88	0.89	0.885	152992	1000	1499	1
0.89	0.9	0.895	156832	1000	1499	1
0.9	0.91	0.905	160972	1000	1499	1
0.91	0.92	0.915	166036	1000	1499	1
0.92	0.93	0.925	170522	1000	1499	1
0.93	0.94	0.935	173618	1000	1499	1
0.94	0.95	0.945	177204	1000	1499	1
0.95	0.96	0.955	180996	1000	1499	1
0.96	0.97	0.965	183760	1000	1499	1
0.97	0.98	0.975	188712	1000	1499	1
0.98	0.99	0.985	193652	1000	1499	1
0.99	1	0.995	195650	1000	1499	1
1	1.01	1.005	199702	1000	1499	1
1.01	1.02	1.015	201674	1000	1499	1
1.02	1.03	1.025	207444	1000	1499	1
1.03	1.04	1.035	210016	1000	1499	1
1.04	1.05	1.045	213184	1000	1499	1
1.05	1.06	1.055	216464	1000	1499	1
1.06	1.07	1.065	221308	1000	1499	1
1.07	1.08	1.075	223596	1000	1499	1
1.08	1.09	1.085	228160	1000	1499	1
1.09	1.1	1.095	230852	1000	1499	1
1.1	1.11	1.105	233552	1000	1499	1
1.11	1.12	1.115	239064	1000	1499	1
1.12	1.13	1.125	242410	1000	1499	1
1.13	1.14	1.135	246344	1000	1499	1
1.14	1.15	1.145	250892	1000	1499	1
1.15	1.16	1.155	255612	1000	1499	1
1.16	1.17	1.165	259928	1000	1499	1
1.17	1.18	1.175	262910	1000	1499	1
1.18	1.19	1.185	268302	1000	1499	1
1.19	1.2	1.195	271134	1000	1499	1
1.2	1.21	1.205	273888	1000	1499	1
1.21	1.22	1.215	279134	1000	1499	1
1.22	1.23	1.225	283020	1000	1499	1
1.23	1.24	1.235	286596	1000	1499	1
1.24	1.25	1.245	293316	1000	1499	1
1.25	1.26	1.255	297626	1000	1499	1
1.26	1.27	1.265	301162	1000	1499	1
1.27	1.28	1.275	305082	1000	1499	1
1.28	1.29	1.285	310632	1000	1499	1
1.29	1.3	1.295	315738	1000	1499	1
1.3	1.31	1.305	319668	1000	1499	1
1.31	1.32	1.315	326076	1000	1499	1
1.32	1.33	1.325	330344	1000	1499	1
1.33	1.34	1.335	333834	1000	1499	1
1.34	1.35	1.345	339596	1000	1499	1
1.35	1.36	1.355	345188	1000	1499	1
1.36	1.37	1.365	350240	1000	1499	1
1.37	1.38	1.375	355424	1000	1499	1
1.38	1.39	1.385	358648	1000	1499	1
1.39	1.4	1.395	365334	1000	1499	1
1.4	1.41	1.405	371090	1000	1499	1
1.41	1.42	1.415	375252	1000	1499	1
1.42	1.43	1.425	382532	1000	1499	1
1.43	1.44	1.435	386334	1000	1499	1
1.44	1.45	1.445	391304	1000	1499	1
1.45	1.46	1.455	397294	1000	1499	1
1.46	1.47	1.465	402232	1000	1499	1
1.47	1.48	1.475	408498	1000	1499	1
1.48	1.49	1.485	412560	1000	1499	1
1.49	1.5	1.495	420234	1000	1499	1
1.5	1.51	1.505	425834	1000	1499	1
1.51	1.52	1.515	431628	1000	1499	1
1.52	1.53	1.525	436464	1000	1499	1
1.53	1.54	1.535	442114	1000	1499	1
1.54	1.55	1.545	447652	1000	1499	1
1.55	1.56	1.555	452894	1000	1499	1
1.56	1.57	1.565	461290	1000	1499	1
1.57	1.58	1.575	466462	1000	1499	1
1.58	1.59	1.585	471872	1000	1499	1
1.59	1.6	1.595	478198	1000	1499	1
1.6	1.61	1.605	483442	1000	1499	1
1.61	1.62	1.615	491746	1000	1499	1
1.62	1.63	1.625	498280	1000	1499	1
1.63	1.64	1.635	502738	1000	1499	1
1.64	1.65	1.645	509190	1000	1499	1
1.65	1.66	1.655	516186	1000	1499	1
1.66	1.67	1.665	521424	1000	1499	1
1.67	1.68	1.675	527862	1000	1499	1
1.68	1.69	1.685	534664	1000	1499	1
1.69	1.7	1.695	541962	1000	1499	1
1.7	1.71	1.705	546062	1000	1499	1
1.71	1.72	1.715	555320	1000	1499	1
1.72	1.73	1.725	561596	1000	1499	1
1.73	1.74	1.735	566452	1000	1499	1
1.74	1.75	1.745	573132	1000	1499	1
1.75	1.76	1.755	579356	1000	1499	1
1.76	1.77	1.765	586120	1000	1499	1
1.77	1.78	1.775	595296	1000	1499	1
1.78	1.79	1.785	600392	1000	1499	1
1.79	1.8	1.795	607150	1000	1499	1
1.8	1.81	1.805	613274	1000	1499	1
1.81	1.82	1.815	620948	1000	1499	1
1.82	1.83	1.825	629030	1000	1499	1
1.83	1.84	1.835	634126	1000	1499	1
1.84	1.85	1.845	642032	1000	1499	1
1.85	1.86	1.855	648760	1000	1499	1
1.86	1.87	1.865	652962	1000	1499	1
1.87	1.88	1.875	659750	1000	1499	1
1.88	1.89	1.885	666764	1000	1499	1
1.89	1.9	1.895	673938	1000	1499	1
1.9	1.91	1.905	684236	1000	1499	1
1.91	1.92	1.915	692484	1000	1499	1
1.92	1.93	1.925	695820	1000	1499	1
1.93	1.94	1.935	706062	1000	1499	1
1.94	1.95	1.945	711864	1000	1499	1
1.95	1.96	1.955	719848	1000	1499	1
1.96	1.97	1.965	727100	1000	1499	1
1.97	1.98	1.975	731862	1000	1499	1
1.98	1.99	1.985	740984	1000	1499	1
1.99	2	1.995	749424	1000	1499	1
2	2.01	2.005	757434	1000	1499	1
2.01	2.02	2.015	764222	1000	1499	1
2.02	2.03	2.025	771166	1000	1499	1
2.03	2.04	2.035	779048	1000	1499	1
2.04	2.05	2.045	787570	1000	1499	1
2.05	2.06	2.055	795350	1000	1499	1
2.06	2.07	2.065	804172	1000	1499	1
2.07	2.08	2.075	811142	1000	1499	1
2.08	2.09	2.085	819440	1000	1499	1
2.09	2.1	2.095	825234	1000	1499	1
2.1	2.11	2.105	832832	1000	1499	1
2.11	2.12	2.115	841216	1000	1499	1
2.12	2.13	2.125	850210	1000	1499	1
2.13	2.14	2.135	860088	1000	1499	1
2.14	2.15	2.145	864574	1000	1499	1
2.15	2.16	2.155	873710	1000	1499	1
2.16	2.17	2.165	881270	1000	1499	1
2.17	2.18	2.175	891916	1000	1499	1
2.18	2.19	2.185	898456	1000	1499	1
2.19	2.2	2.195	906810	1000	1499	1
2.2	2.21	2.205	916350	1000	1499	1
2.21	2.22	2.215	923922	1000	1499	1
2.22	2.23	2.225	932772	1000	1499	1
2.23	2.24	2.235	941996	1000	1499	1
2.24	2.25	2.245	949204	1000	1499	1
2.25	2.26	2.255	957240	1000	1499	1
2.26	2.27	2.265	965460	1000	1499	1
2.27	2.28	2.275	972856	1000	1499	1
2.28	2.29	2.285	984830	1000	1499	1
2.29	2.3	2.295	991012	1000	1499	1
2.3	2.31	2.305	1.0026e+06	1000	1499	1
2.31	2.32	2.315	1.01034e+06	1000	1499	1
2.32	2.33	2.325	1.0183e+06	1000	1499	1
2.33	2.34	2.335	1.02581e+06	1000	1499	1
2.34	2.35	2.345	1.03551e+06	1000	1499	1
2.35	2.36	2.355	1.04674e+06	1000	1499	1
2.36	2.37	2.365	1.05485e+06	1000	1499	1
2.37	2.38	2.375	1.05864e+06	1000	1499	1
2.38	2.39	2.385	1.06977e+06	1000	1499	1
2.39	2.4	2.395	1.08268e+06	1000	1499	1
2.4	2.41	2.405	1.08711e+06	1000	1499	1
2.41	2.42	2.415	1.09645e+06	1000	1499	1
2.42	2.43	2.425	1.10634e+06	1000	1499	1
2.43	2.44	2.435	1.11731e+06	1000	1499	1
2.44	2.45	2.445	1.12423e+06	1000	1499	1
2.45	2.46	2.455	1.13562e+06	1000	1499	1
2.46	2.47	2.465	1.14547e+06	1000	1499	1
2.47	2.48	2.475	1.15395e+06	1000	1499	1
2.48	2.49	2.485	1.16481e+06	1000	1499	1
2.49	2.5	2.495	1.17474e+06	1000	1499	1
2.5	2.51	2.505	1.18372e+06	1000	1499	1
2.51	2.52	2.515	1.19021e+06	1000	1499	1
2.52	2.53	2.525	1.20164e+06	1000	1499	1
2.53	2.54	2.535	1.21028e+06	1000	1499	1
2.54	2.55	2.545	1.21821e+06	1000	1499	1
2.55	2.56	2.555	1.2294e+06	1000	1499	1
2.56	2.57	2.565	1.23938e+06	1000	1499	1
2.57	2.58	2.575	1.25058e+06	1000	1499	1
2.58	2.59	2.585	1.26057e+06	1000	1499	1
2.59	2.6	2.595	1.26683e+06	1000	1499	1
2.6	2.61	2.605	1.2783e+06	1000	1499	1
2.61	2.62	2.615	1.28823e+06	1000	1499	1
2.62	2.63	2.625	1.29818e+06	1000	1499	1
2.63	2.64	2.635	1.30729e+06	1000	1499	1
2.64	2.65	2.645	1.31702e+06	1000	1499	1
2.65	2.66	2.655	1.32827e+06	1000	1499	1
2.66	2.67	2.665	1.33531e+06	1000	1499	1
2.67	2.68	2.675	1.34958e+06	1000	1499	1
2.68	2.69	2.685	1.35514e+06	1000	1499	1
2.69	2.7	2.695	1.3657e+06	1000	1499	1
2.7	2.71	2.705	1.3783e+06	1000	1499	1
2.71	2.72	2.715	1.38539e+06	1000	1499	1
2.72	2.73	2.725	1.40068e+06	1000	1499	1
2.73	2.74	2.735	1.40992e+06	1000	1499	1
2.74	2.75	2.745	1.42165e+06	1000	1499	1
2.75	2.76	2.755	1.432e+06	1000	1499	1
2.76	2.77	2.765	1.43686e+06	1000	1499	1
2.77	2.78	2.775	1.45226e+06	1000	1499	1
2.78	2.79	2.785	1.46136e+06	1000	1499	1
2.79	2.8	2.795	1.47223e+06	1000	1499	1
2.8	2.81	2.805	1.47879e+06	1000	1499	1
2.81	2.82	2.815	1.49191e+06	1000	1499	1
2.82	2.83	2.825	1.50348e+06	1000	1499	1
2.83	2.84	2.835	1.50934e+06	1000	1499	1
2.84	2.85	2.845	1.52353e+06	1000	1499	1
2.85	2.86	2.855	1.53563e+06	1000	1499	1
2.86	2.87	2.865	1.54409e+06	1000	1499	1
2.87	2.88	2.875	1.55327e+06	1000	1499	1
2.88	2.89	2.885	1.56971e+06	1000	1499	1
2.89	2.9	2.895	1.57844e+06	1000	1499	1
2.9	2.91	2.905	1.58819e+06	1000	1499	1
2.91	2.92	2.915	1.59896e+06	1000	1499	1
2.92	2.93	2.925	1.60957e+06	1000	1499	1
2.93	2.94	2.935	1.61908e+06	1000	1499	1
2.94	2.95	2.945	1.63095e+06	1000	1499	1
2.95	2.96	2.955	1.6444e+06	1000	1499	1
2.96	2.97	2.965	1.654e+06	1000	1499	1
2.97	2.98	2.975	1.66274e+06	1000	1499	1
2.98	2.99	2.985	1.67536e+06	1000	1499	1
2.99	3	2.995	1.68839e+06	1000	1499	1
3	3.01	3.005	1.69752e+06	1000	1499	1
3.01	3.02	3.015	1.71349e+06	1000	1499	1
3.02	3.03	3.025	1.72258e+06	1000	1499	1
3.03	3.04	3.035	1.73487e+06	1000	1499	1
3.04	3.05	3.045	1.7437e+06	1000	1499	1
3.05	3.06	3.055	1.75945e+06	1000	1499	1
3.06	3.07	3.065	1.76893e+06	1000	1499	1
3.07	3.08	3.075	1.78276e+06	1000	1499	1
3.08	3.09	3.085	1.79351e+06	1000	1499	1
3.09	3.1	3.095	1.80257e+06	1000	1499	1
3.1	3.11	3.105	1.81763e+06	1000	1499	1
3.11	3.12	3.115	1.82342e+06	1000	1499	1
3.12	3.13	3.125	1.83894e+06	1000	1499	1
3.13	3.14	3.135	1.85182e+06	1000	1499	1
3.14	3.15	3.145	1.86182e+06	1000	1499	1
3.15	3.16	3.155	1.87376e+06	1000	1499	1
3.16	3.17	3.165	1.88754e+06	1000	1499	1
3.17	3.18	3.175	1.89912e+06	1000	1499	1
3.18	3.19	3.185	1.90926e+06	1000	1499	1
3.19	3.2	3.195	1.9232e+06	1000	1499	1
3.2	3.21	3.205	1.93468e+06	1000	1499	1
3.21	3.22	3.215	1.94596e+06	1000	1499	1
3.22	3.23	3.225	1.9584e+06	1000	1499	1
3.23	3.24	3.235	1.97395e+06	1000	1499	1
3.24	3.25	3.245	1.98276e+06	1000	1499	1
3.25	3.26	3.255	1.99697e+06	1000	1499	1
3.26	3.27	3.265	2.00357e+06	1000	1499	1
3.27	3.28	3.275	2.02152e+06	1000	1499	1
3.28	3.29	3.285	2.03163e+06	1000	1499	1
3.29	3.3	3.295	2.04113e+06	1000	1499	1
3.3	3.31	3.305	2.05725e+06	1000	1499	1
3.31	3.32	3.315	2.07081e+06	1000	1499	1
3.32	3.33	3.325	2.08564e+06	1000	1499	1
3.33	3.34	3.335	2.09503e+06	1000	1499	1
3.34	3.35	3.345	2.10601e+06	1000	1499	1
3.35	3.36	3.355	2.118e+06	1000	1499	1
3.36	3.37	3.365	2.13406e+06	1000	1499	1
3.37	3.38	3.375	2.14501e+06	1000	1499	1
3.38	3.39	3.385	2.15408e+06	1000	1499	1
3.39	3.4	3.395	2.16494e+06	1000	1499	1
3.4	3.41	3.405	2.1838e+06	1000	1499	1
3.41	3.42	3.415	2.19956e+06	1000	1499	1
3.42	3.43	3.425	2.21148e+06	1000	1499	1
3.43	3.44	3.435	2.22066e+06	1000	1499	1
3.44	3.45	3.445	2.23624e+06	1000	1499	1
3.45	3.46	3.455	2.25294e+06	1000	1499	1
3.46	3.47	3.465	2.26204e+06	1000	1499	1
3.47	3.48	3.475	2.27512e+06	1000	1499	1
3.48	3.49	3.485	2.28637e+06	1000	1499	1
3.49	3.5	3.495	2.30076e+06	1000	1499	1
3.5	3.51	3.505	2.31035e+06	1000	1499	1
3.51	3.52	3.515	2.3264e+06	1000	1499	1
3.52	3.53	3.525	2.33942e+06	1000	1499	1
3.53	3.54	3.535	2.35204e+06	1000	1499	1
3.54	3.55	3.545	2.36797e+06	1000	1499	1
3.55	3.56	3.555	2.38052e+06	1000	1499	1
3.56	3.57	3.565	2.39596e+06	1000	1499	1
3.57	3.58	3.575	2.40635e+06	1000	1499	1
3.58	3.59	3.585	2.41919e+06	1000	1499	1
3.59	3.6	3.595	2.43203e+06	1000	1499	1
3.6	3.61	3.605	2.44779e+06	1000	1499	1
3.61	3.62	3.615	2.45713e+06	1000	1499	1
3.62	3.63	3.625	2.47453e+06	1000	1499	1
3.63	3.64	3.635	2.48645e+06	1000	1499	1
3.64	3.65	3.645	2.50024e+06	1000	1499	1
3.65	3.66	3.655	2.51573e+06	1000	1499	1
3.66	3.67	3.665	2.52877e+06	1000	1499	1
3.67	3.68	3.675	2.54368e+06	1000	1499	1
3.68	3.69	3.685	2.55851e+06	1000	1499	1
3.69	3.7	3.695	2.56881e+06	1000	1499	1
3.7	3.71	3.705	2.58456e+06	1000	1499	1
3.71	3.72	3.715	2.60026e+06	1000	1499	1
3.72	3.73	3.725	2.61388e+06	1000	1499	1
3.73	3.74	3.735	2.62662e+06	1000	1499	1
3.74	3.75	3.745	2.63969e+06	1000	1499	1
3.75	3.76	3.755	2.6563e+06	1000	1499	1
3.76	3.77	3.765	2.66698e+06	1000	1499	1
3.77	3.78	3.775	2.67802e+06	1000	1499	1
3.78	3.79	3.785	2.69638e+06	1000	1499	1
3.79	3.8	3.795	2.71337e+06	1000	1499	1
3.8	3.81	3.805	2.72571e+06	1000	1499	1
3.81	3.82	3.815	2.74105e+06	1000	1499	1
3.82	3.83	3.825	2.75491e+06	1000	1499	1
3.83	3.84	3.835	2.76687e+06	1000	1499	1
3.84	3.85	3.845	2.78552e+06	1000	1499	1
3.85	3.86	3.855	2.79588e+06	1000	1499	1
3.86	3.87	3.865	2.81312e+06	1000	1499	1
3.87	3.88	3.875	2.82381e+06	1000	1499	1
3.88	3.89	3.885	2.84386e+06	1000	1499	1
3.89	3.9	3.895	2.85841e+06	1000	1499	1
3.9	3.91	3.905	2.86905e+06	1000	1499	1
3.91	3.92	3.915	2.88378e+06	1000	1499	1
3.92	3.93	3.925	2.89997e+06	1000	1499	1
3.93	3.94	3.935	2.91757e+06	1000	1499	1
3.94	3.95	3.945	2.93001e+06	1000	1499	1
3.95	3.96	3.955	2.94501e+06	1000	1499	1
3.96	3.97	3.965	2.96331e+06	1000	1499	1
3.97	3.98	3.975	2.97706e+06	1000	1499	1
3.98	3.99	3.985	2.98768e+06	1000	1499	1
3.99	4	3.995	3.00693e+06	1000	1499	1
4	4.01	4.005	3.02205e+06	1000	1499	1
4.01	4.02	4.015	3.03842e+06	1000	1499	1
4.02	4.03	4.025	3.05089e+06	1000	1499	1
4.03	4.04	4.035	3.06285e+06	1000	1499	1
4.04	4.05	4.045	3.08266e+06	1000	1499	1
4.05	4.06	4.055	3.09594e+06	1000	1499	1
4.06	4.07	4.065	3.11585e+06	1000	1499	1
4.07	4.08	4.075	3.12181e+06	1000	1499	1
4.08	4.09	4.085	3.14131e+06	1000	1499	1
4.09	4.1	4.095	3.15591e+06	1000	1499	1
4.1	4.11	4.105	3.17555e+06	1000	1499	1
4.11	4.12	4.115	3.18966e+06	1000	1499	1
4.12	4.13	4.125	3.20362e+06	1000	1499	1
4.13	4.14	4.135	3.21983e+06	1000	1499	1
4.14	4.15	4.145	3.23436e+06	1000	1499	1
4.15	4.16	4.155	3.24788e+06	1000	1499	1
4.16	4.17	4.165	3.26394e+06	1000	1499	1
4.17	4.18	4.175	3.27974e+06	1000	1499	1
4.18	4.19	4.185	3.29481e+06	1000	1499	1
4.19	4.2	4.195	3.31491e+06	1000	1499	1
4.2	4.21	4.205	3.33202e+06	1000	1499	1
4.21	4.22	4.215	3.34308e+06	1000	1499	1
4.22	4.23	4.225	3.36192e+06	1000	1499	1
4.23	4.24	4.235	3.38288e+06	1000	1499	1
4.24	4.25	4.245	3.39234e+06	1000	1499	1
4.25	4.26	4.255	3.40838e+06	1000	1499	1
4.26	4.27	4.265	3.4217e+06	1000	1499	1
4.27	4.28	4.275	3.43983e+06	1000	1499	1
4.28	4.29	4.285	3.45886e+06	1000	1499	1
4.29	4.3	4.295	3.47205e+06	1000	1499	1
4.3	4.31	4.305	3.49467e+06	1000	1499	1
4.31	4.32	4.315	3.50435e+06	1000	1499	1
4.32	4.33	4.325	3.51961e+06	1000	1499	1
4.33	4.34	4.335	3.5335e+06	1000	1499	1
4.34	4.35	4.345	3.55684e+06	1000	1499	1
4.35	4.36	4.355	3.57336e+06	1000	1499	1
4.36	4.37	4.365	3.58929e+06	1000	1499	1
4.37	4.38	4.375	3.60168e+06	1000	1499	1
4.38	4.39	4.385	3.61897e+06	1000	1499	1
4.39	4.4	4.395	3.63281e+06	1000	1499	1
4.4	4.41	4.405	3.65313e+06	1000	1499	1
4.41	4.42	4.415	3.67278e+06	1000	1499	1
4.42	4.43	4.425	3.68773e+06	1000	1499	1
4.43	4.44	4.435	3.7067e+06	1000	1499	1
4.44	4.45	4.445	3.71938e+06	1000	1499	1
4.45	4.46	4.455	3.73742e+06	1000	1499	1
4.46	4.47	4.465	3.75489e+06	1000	1499	1
4.47	4.48	4.475	3.76679e+06	1000	1499	1
4.48	4.49	4.485	3.7856e+06	1000	1499	1
4.49	4.5	4.495	3.80364e+06	1000	1499	1
4.5	4.51	4.505	3.82449e+06	1000	1499	1
4.51	4.52	4.515	3.8445e+06	1000	1499	1
4.52	4.53	4.525	3.85548e+06	1000	1499	1
4.53	4.54	4.535	3.872e+06	1000	1499	1
4.54	4.55	4.545	3.88715e+06	1000	1499	1
4.55	4.56	4.555	3.91271e+06	1000	1499	1
4.56	4.57	4.565	3.92319e+06	1000	1499	1
4.57	4.58	4.575	3.93982e+06	1000	1499	1
4.58	4.59	4.585	3.96127e+06	1000	1499	1
4.59	4.6	4.595	3.97605e+06	1000	1499	1
4.6	4.61	4.605	3.99157e+06	1000	1499	1
4.61	4.62	4.615	4.01469e+06	1000	1499	1
4.62	4.63	4.625	4.02818e+06	1000	1499	1
4.63	4.64	4.635	4.03758e+06	1000	1499	1
4.64	4.65	4.645	4.05938e+06	1000	1499	1
4.65	4.66	4.655	4.07775e+06	1000	1499	1
4.66	4.67	4.665	4.09766e+06	1000	1499	1
4.67	4.68	4.675	4.11509e+06	1000	1499	1
4.68	4.69	4.685	4.13054e+06	1000	1499	1
4.69	4.7	4.695	4.15174e+06	1000	1499	1
4.7	4.71	4.705	4.1677e+06	1000	1499	1
4.71	4.72	4.715	4.18424e+06	1000	1499	1
4.72	4.73	4.725	4.20039e+06	1000	1499	1
4.73	4.74	4.735	4.22146e+06	1000	1499	1
4.74	4.75	4.745	4.2344e+06	1000	1499	1
4.75	4.76	4.755	4.25429e+06	1000	1499	1
4.76	4.77	4.765	4.27398e+06	1000	1499	1
4.77	4.78	4.775	4.2969e+06	1000	1499	1
4.78	4.79	4.785	4.30859e+06	1000	1499	1
4.79	4.8	4.795	4.32883e+06	1000	1499	1
4.8	4.81	4.805	4.34351e+06	1000	1499	1
4.81	4.82	4.815	4.36718e+06	1000	1499	1
4.82	4.83	4.825	4.38645e+06	1000	1499	1
4.83	4.84	4.835	4.4005e+06	1000	1499	1
4.84	4.85	4.845	4.41598e+06	1000	1499	1
4.85	4.86	4.855	4.44052e+06	1000	1499	1
4.86	4.87	4.865	4.45651e+06	1000	1499	1
4.87	4.88	4.875	4.47442e+06	1000	1499	1
4.88	4.89	4.885	4.49004e+06	1000	1499	1
4.89	4.9	4.895	4.51324e+06	1000	1499	1
4.9	4.91	4.905	4.5309e+06	1000	1499	1
4.91	4.92	4.915	4.54387e+06	1000	1499	1
4.92	4.93	4.925	4.5675e+06	1000	1499	1
4.93	4.94	4.935	4.58464e+06	1000	1499	1
4.94	4.95	4.945	4.60853e+06	1000	1499	1
4.95	4.96	4.955	4.62662e+06	1000	1499	1
4.96	4.97	4.965	4.64089e+06	1000	1499	1
4.97	4.98	4.975	4.66213e+06	1000	1499	1
4.98	4.99	4.985	4.67851e+06	1000	1499	1
4.99	5	4.995	4.70127e+06	1000	1499	1
